80 130
70 111 53
60 102 38
68 115 37
66 117 24
43 96 0
72 129 12
54 114 0
67 129 2
58 124 0
76 144 21
42 111 0
57 127 11
70 143 26
48 121 4
66 141 23
46 121 2
51 139 0
39 123 0
49 129 0
56 128 3
41 105 0
49 106 3
68 119 24
68 114 24
75 119 32
64 110 22
99 148 57
95 149 53
73 131 28
63 129 19
50 119 3
69 140 22
56 139 5
49 134 5
47 131 10
53 137 26
61 146 42
61 146 45
45 127 25
29 106 4
42 113 9
68 128 30
78 123 38
32 63 0
0 9 0
1 2 0
18 9 12
8 0 9
0 0 7
0 0 5
0 2 5
0 3 4
0 3 2
0 3 0
0 4 0
0 3 0
0 3 0
0 2 0
0 2 0
1 3 0
1 1 0
1 0 0
1 0 2
1 0 2
2 2 0
3 3 1
4 4 2
4 4 2
4 4 2
2 2 0
0 0 0
0 0 0
1 1 0
1 1 0
1 1 0
1 1 0
1 1 0
1 1 0
0 0 0
0 0 0
2 3 0
3 2 0
3 2 0
5 1 0
6 0 2
6 0 2
6 0 0
5 1 0
7 9 0
0 9 0
0 18 0
4 33 0
118 157 102
139 188 123
150 203 131
137 194 117
119 151 110
82 120 71
143 191 131
107 167 93
85 155 66
81 157 57
123 202 95
112 192 81
86 163 51
117 190 75
89 160 42
88 160 35
81 157 23
113 195 51
85 171 18
79 169 11
91 150 21
121 178 47
165 223 87
185 242 103
155 210 67
155 209 63
180 230 83
143 191 47
171 214 73
157 197 64
160 196 72
172 202 88
170 197 92
171 197 100
177 200 110
175 198 110
192 223 119
187 218 114
67 106 53
74 114 54
98 141 70
110 155 70
94 144 45
94 148 37
72 129 14
62 121 3
67 130 13
71 136 20
57 124 11
55 123 12
58 128 16
49 119 5
51 124 7
58 131 13
66 150 12
45 127 0
45 122 0
53 124 2
53 117 5
65 123 20
73 127 29
63 112 20
46 95 4
54 103 12
90 141 48
102 156 58
98 156 53
95 157 48
75 142 27
61 128 12
65 145 12
56 137 8
45 126 5
40 123 9
44 127 19
51 134 28
54 135 30
54 132 23
32 104 0
59 120 17
65 114 23
32 65 0
0 14 0
0 4 0
10 4 4
7 0 7
0 0 7
0 0 5
0 1 5
0 1 3
0 3 2
0 4 0
0 3 0
0 3 0
0 2 0
0 2 0
0 1 0
0 2 0
1 1 0
0 0 0
1 0 2
1 0 2
3 3 1
3 3 1
3 3 1
3 3 1
2 2 0
1 1 0
0 0 0
0 0 0
0 0 0
1 1 0
1 1 0
1 1 0
1 1 0
1 1 0
1 1 0
1 1 0
3 4 0
3 4 0
4 3 1
6 2 1
7 1 3
7 1 3
7 1 1
6 2 0
9 10 2
0 5 0
0 15 0
37 64 23
124 161 109
89 133 72
91 142 73
118 171 99
133 164 123
169 205 159
156 201 144
138 196 122
91 159 72
87 161 64
115 192 88
67 145 36
83 156 48
97 169 59
106 176 60
151 222 100
74 150 18
109 190 49
89 175 24
69 159 2
90 151 24
114 175 46
126 186 54
151 209 73
171 228 87
181 236 91
181 233 86
148 198 51
156 201 58
159 201 63
185 222 91
211 245 124
215 245 131
211 238 133
205 230 129
195 219 123
207 241 128
202 236 123
26 57 15
18 51 4
13 48 0
7 47 0
9 53 0
19 66 0
61 111 12
68 120 19
72 129 26
70 128 26
76 136 36
69 132 28
62 128 22
61 129 18
46 116 0
73 144 26
58 138 13
43 122 0
42 117 0
48 118 2
50 116 6
59 122 17
64 122 20
52 108 9
44 98 0
54 108 10
58 113 12
69 124 22
76 133 28
86 145 37
88 147 37
56 116 3
52 125 0
50 125 0
49 125 3
48 125 9
47 127 14
50 130 19
54 134 21
58 135 19
47 120 3
69 133 23
72 124 26
51 89 12
26 50 0
5 18 0
0 1 0
3 0 7
0 0 5
0 0 5
0 0 4
0 1 3
0 2 1
1 3 2
0 4 0
0 4 0
0 3 0
0 2 0
0 1 0
0 1 0
0 0 0
0 0 0
1 1 1
2 0 3
5 5 3
4 4 2
3 3 1
2 2 0
1 1 0
1 1 0
1 1 0
1 1 0
0 0 0
0 0 0
0 0 0
1 1 0
1 1 0
2 2 0
2 2 0
3 3 1
4 5 0
4 5 0
5 4 0
7 3 2
8 2 4
8 2 4
8 2 4
7 3 0
7 7 0
0 4 0
4 18 0
10 34 0
82 114 67
79 118 63
91 137 75
98 147 81
154 180 145
128 161 118
125 165 112
112 165 97
134 197 116
147 218 126
85 159 60
76 151 48
102 173 69
123 192 86
108 176 67
100 171 53
126 201 74
100 181 44
69 154 7
83 174 21
74 138 18
121 185 63
124 186 59
127 189 56
141 202 63
143 200 57
153 209 60
160 213 63
151 201 50
155 201 53
176 217 76
195 233 98
194 229 101
194 226 103
196 225 107
191 220 104
187 226 101
182 221 96
0 10 0
0 11 0
0 13 0
0 15 0
0 18 0
0 27 0
67 108 30
82 127 46
56 103 22
63 115 32
62 116 30
74 130 39
65 125 27
60 123 16
43 110 0
60 127 11
61 133 23
65 137 27
69 141 31
68 137 28
59 128 19
59 127 18
62 128 20
61 124 17
75 137 30
77 136 30
56 113 8
64 119 15
68 123 19
77 130 26
106 157 54
83 134 31
62 126 4
62 127 7
62 129 13
63 133 17
58 132 17
49 127 8
45 123 1
46 122 0
59 133 8
75 143 24
76 133 28
74 119 36
67 98 39
26 47 14
0 5 0
0 5 5
1 0 5
1 0 4
0 0 4
0 0 2
1 1 3
2 2 2
2 4 1
2 4 1
2 4 1
1 3 0
0 1 0
0 1 0
0 0 0
1 1 0
3 3 3
4 4 4
6 6 4
5 5 3
2 2 0
0 0 0
0 0 0
0 0 0
1 1 0
2 2 0
0 0 0
0 0 0
0 0 0
0 0 0
1 1 0
2 2 0
3 3 1
4 4 2
2 5 0
2 5 0
3 4 0
4 3 1
6 2 3
7 1 3
7 1 3
7 1 1
1 0 0
5 8 0
0 12 0
0 9 0
55 81 42
110 142 95
130 167 115
104 143 88
51 72 41
0 13 0
12 48 0
0 48 0
129 187 111
147 212 128
70 139 48
81 150 57
113 180 85
109 175 77
79 144 42
119 187 78
66 140 19
104 184 53
74 161 20
74 164 17
74 141 28
90 157 41
81 146 26
93 158 30
121 185 49
138 201 58
153 213 63
146 203 48
159 213 57
156 207 50
165 212 58
170 213 63
164 203 58
169 206 64
183 217 79
184 218 82
189 232 91
182 225 84
0 6 0
0 11 0
0 14 0
0 14 0
0 23 0
0 22 0
70 100 46
88 123 67
70 108 49
89 131 68
51 96 27
79 130 53
75 129 41
68 126 26
67 126 18
56 119 4
57 123 25
70 136 38
73 141 38
67 136 30
60 132 24
55 127 15
49 122 7
47 120 5
67 136 20
70 137 24
60 122 13
82 137 33
77 127 28
67 112 17
98 139 47
92 133 41
94 147 41
82 135 31
69 126 21
65 127 18
60 127 12
51 122 2
44 119 0
43 119 0
49 122 0
58 127 0
62 125 11
78 129 36
86 127 57
47 78 34
0 22 0
0 9 0
2 0 3
1 0 2
1 0 2
1 0 2
1 0 2
2 0 1
2 2 2
3 3 3
3 3 3
2 2 0
1 1 0
0 0 0
0 2 0
1 3 0
3 5 2
5 7 4
6 6 4
5 5 3
2 2 0
0 0 0
0 0 0
0 0 0
1 1 0
2 2 0
0 0 0
0 0 0
0 0 0
0 0 0
1 1 0
2 2 0
3 3 1
4 4 2
0 4 0
0 3 0
1 2 0
2 1 0
4 0 1
5 0 1
5 0 1
5 0 1
14 10 7
3 3 0
0 3 0
0 6 0
6 25 0
3 27 0
0 21 0
0 14 0
0 7 0
0 18 0
0 15 0
2 42 0
142 193 126
149 207 131
137 198 118
104 166 81
57 119 33
68 128 40
105 166 73
86 151 51
81 151 39
66 144 22
87 173 40
70 158 20
102 174 66
99 171 59
109 180 62
127 197 72
121 191 56
137 205 60
165 230 78
139 201 42
137 195 31
141 196 30
155 208 40
164 212 48
158 205 41
161 206 45
169 210 52
165 204 49
169 219 62
162 212 55
0 4 5
0 1 0
0 3 0
0 5 0
0 6 0
0 8 0
41 61 33
70 95 63
81 108 73
100 132 91
32 69 18
63 105 42
65 112 34
78 129 37
87 139 38
63 119 10
54 113 23
61 122 29
52 116 19
45 113 10
55 129 18
53 130 14
34 114 0
23 103 0
53 129 7
51 121 5
56 120 10
70 125 24
57 102 11
43 81 0
63 94 18
72 99 28
71 110 31
57 98 19
51 96 11
60 111 16
67 124 19
61 126 10
52 123 0
49 122 0
50 124 0
53 125 0
59 125 2
74 132 29
82 134 52
54 98 37
7 44 1
0 14 0
4 3 1
3 2 0
1 0 0
1 0 0
1 0 0
1 0 2
2 0 3
4 2 5
3 1 4
2 2 2
2 2 2
2 2 0
2 4 1
3 5 0
4 6 1
5 7 2
5 5 3
4 4 2
3 3 1
2 2 0
1 1 0
1 1 0
1 1 0
1 1 0
0 0 0
0 0 0
0 0 0
1 1 0
1 1 0
2 2 0
2 2 0
3 3 1
0 3 0
0 2 0
0 2 0
0 1 0
3 0 0
4 0 0
4 0 2
4 0 0
4 0 0
3 0 0
4 5 0
9 15 1
7 19 0
0 8 0
0 11 0
0 14 0
0 5 0
1 15 0
0 11 0
33 66 21
123 166 110
139 190 123
103 156 86
83 139 66
33 87 12
84 138 62
58 113 32
68 128 38
73 141 40
100 177 63
68 150 26
94 181 51
67 143 34
77 154 42
111 186 68
127 202 75
88 162 25
89 161 15
131 200 45
115 181 19
134 197 28
138 198 25
149 206 31
153 207 31
148 198 23
152 200 28
156 202 31
146 192 21
159 215 44
151 207 36
1 0 9
1 0 7
4 3 8
13 15 14
0 2 0
3 13 5
11 23 13
31 47 36
31 49 35
44 68 46
0 16 0
11 44 0
24 63 0
78 121 39
76 123 27
61 109 7
66 118 35
77 131 43
61 122 27
49 116 11
63 137 24
64 145 24
46 131 4
40 125 0
57 137 12
48 123 5
63 126 21
58 111 19
47 88 10
54 83 19
58 79 23
65 81 32
40 63 19
29 55 7
33 64 5
51 91 18
66 115 26
66 123 18
63 127 5
63 133 0
63 135 0
62 136 0
67 138 10
68 135 22
65 124 30
57 111 35
25 75 12
0 30 0
6 6 0
5 5 0
2 1 0
1 0 0
3 0 0
3 0 0
3 0 2
4 0 3
2 0 3
3 1 4
3 3 5
4 4 4
4 6 3
5 7 2
3 8 1
3 8 1
3 3 1
3 3 1
3 3 1
3 3 1
2 2 0
1 1 0
0 0 0
0 0 0
0 0 0
1 1 0
1 1 0
1 1 0
1 1 0
1 1 0
1 1 0
1 1 0
0 5 0
0 4 0
0 3 0
1 2 0
2 1 0
4 0 1
5 0 3
7 0 3
4 0 0
11 5 5
15 11 8
3 3 0
0 2 0
0 4 0
5 14 0
0 11 0
26 28 17
0 4 0
0 8 0
48 74 35
113 149 101
124 167 111
92 137 78
98 146 84
100 146 82
44 90 25
47 97 26
44 98 20
57 120 29
74 147 42
106 186 71
68 153 32
72 152 39
70 151 33
73 153 30
97 177 46
111 188 50
129 205 55
154 228 69
139 210 44
161 229 56
158 222 47
159 220 41
154 212 32
147 202 21
154 207 27
160 210 33
149 199 22
132 193 14
124 185 6
14 5 24
3 0 12
3 0 11
10 7 16
0 0 7
4 5 10
0 1 5
1 9 12
0 4 4
0 13 6
0 8 0
0 15 0
14 44 0
101 137 67
82 122 36
80 121 29
63 108 27
83 133 46
72 127 33
51 117 11
55 130 12
55 137 11
50 135 5
58 145 14
33 115 0
29 103 0
60 122 23
53 102 21
55 89 28
79 101 55
64 75 43
57 63 37
59 70 62
40 54 39
29 49 21
37 66 18
49 89 19
58 107 16
71 129 19
84 150 24
62 134 0
61 134 0
67 140 9
59 130 10
49 116 10
60 124 30
46 108 25
3 61 0
6 10 0
4 8 0
2 4 0
0 2 0
1 0 0
3 0 0
3 0 0
3 0 2
3 0 4
2 0 5
5 3 6
6 6 6
6 8 5
4 9 3
3 8 1
1 9 0
2 2 0
3 3 1
4 4 2
4 4 2
4 4 2
2 2 0
0 0 0
0 0 0
1 1 0
1 1 0
1 1 0
1 1 0
1 1 0
1 1 0
0 0 0
0 0 0
0 6 0
0 6 0
0 4 0
1 3 0
3 2 0
5 1 2
6 0 2
6 0 4
14 5 10
4 0 0
4 0 0
7 3 0
1 0 0
4 4 0
3 4 0
0 2 0
3 0 0
11 13 2
1 10 0
46 65 35
110 138 98
86 122 76
178 216 167
137 175 124
103 141 90
76 115 62
36 77 19
31 81 12
50 107 28
52 119 26
47 124 20
68 148 37
72 153 35
89 170 49
69 149 24
64 144 11
74 153 12
81 157 7
110 186 28
135 208 43
151 220 49
150 217 42
155 218 41
155 216 37
150 207 30
156 211 32
154 208 32
137 190 14
146 212 27
138 204 19
4 0 14
13 4 21
12 6 20
3 0 11
7 4 15
0 0 11
0 0 11
0 3 15
0 5 15
0 2 7
2 15 8
0 8 0
11 33 0
88 116 58
83 115 42
83 116 35
57 98 19
57 101 16
61 112 19
71 132 28
69 139 23
46 125 0
41 126 0
66 151 22
68 149 28
60 132 24
57 117 27
33 78 9
47 76 28
69 85 56
51 57 43
61 62 54
57 57 85
44 47 64
42 52 53
36 55 33
40 72 23
62 104 30
77 129 31
86 149 34
60 129 4
52 125 0
52 127 0
62 136 11
64 137 20
56 128 18
51 122 18
55 125 26
70 83 53
13 23 0
6 14 0
0 3 0
0 2 0
2 1 0
1 0 0
8 3 7
3 0 4
4 0 5
6 4 9
8 8 8
8 10 7
5 10 4
4 10 0
2 10 0
3 3 1
3 3 1
3 3 1
3 3 1
2 2 0
1 1 0
0 0 0
0 0 0
0 0 0
1 1 0
1 1 0
2 2 0
2 2 0
3 3 1
3 3 1
4 4 2
0 6 0
0 5 0
0 4 0
1 3 0
2 2 0
3 1 2
5 1 2
6 0 4
7 1 5
8 0 4
5 0 1
5 0 1
5 0 0
6 2 0
9 5 2
10 6 3
21 13 11
3 0 0
1 5 0
47 61 38
112 136 104
129 157 119
68 99 58
0 27 0
1 32 0
14 45 4
24 60 12
20 61 5
16 67 0
87 149 66
67 138 44
53 130 28
74 155 34
95 175 52
93 174 46
88 168 33
69 148 7
63 139 0
96 171 16
117 189 27
129 197 32
141 209 38
139 203 31
153 215 42
138 198 25
151 209 37
146 202 31
155 211 40
150 218 35
142 210 27
4 0 11
3 0 9
3 0 7
9 6 15
1 0 7
10 8 19
3 3 15
3 5 18
0 0 15
0 1 11
8 18 19
0 5 0
26 42 13
91 113 67
87 111 51
89 114 48
114 148 72
94 133 54
82 128 40
81 135 37
75 139 29
61 134 16
56 134 12
58 138 17
56 133 19
66 134 35
75 130 49
40 81 21
21 49 9
26 41 22
26 31 25
59 59 61
80 73 124
89 87 127
73 78 98
49 64 59
23 49 14
56 94 33
100 148 64
49 106 3
72 137 21
68 138 16
66 140 15
69 145 19
65 144 19
57 135 13
51 129 9
50 128 8
80 102 56
27 48 5
2 18 0
0 8 0
0 7 0
5 8 0
1 0 0
3 0 2
3 0 4
5 0 7
5 3 8
7 7 9
7 9 6
6 11 5
5 11 1
4 12 1
5 5 3
5 5 3
5 5 3
4 4 2
3 3 1
2 2 0
0 0 0
0 0 0
1 1 0
1 1 0
1 1 0
2 2 0
2 2 0
3 3 1
3 3 1
3 3 1
0 5 0
0 5 0
0 4 0
1 3 0
1 3 0
2 2 0
3 1 2
5 1 2
8 2 4
6 0 4
5 0 1
4 0 0
4 0 0
4 0 0
6 0 0
7 1 1
7 0 0
6 1 0
4 6 0
3 12 0
6 22 0
9 29 1
0 23 0
0 12 0
0 10 0
0 11 0
0 13 0
0 19 0
11 55 0
38 94 19
61 125 39
55 126 34
87 162 43
85 161 39
68 144 18
78 153 24
97 170 36
108 181 38
123 195 47
116 185 32
131 198 40
139 205 43
138 203 39
143 206 40
134 195 29
141 200 34
144 201 36
152 209 44
140 209 30
134 203 24
10 8 11
1 0 2
8 8 8
18 18 18
0 0 0
5 6 8
13 14 19
0 0 9
1 3 15
0 0 11
9 14 18
0 6 0
15 27 7
53 67 34
41 58 13
45 63 11
19 48 0
29 62 0
69 107 30
94 142 56
79 135 38
64 127 22
61 131 19
54 123 14
56 123 20
72 132 42
82 133 58
52 91 36
30 56 21
27 41 24
36 42 38
75 76 80
78 68 129
60 53 104
94 95 125
47 58 60
14 37 11
91 126 72
114 158 81
76 130 36
72 133 29
69 137 24
66 137 19
58 134 10
54 133 6
53 133 2
45 127 0
38 120 0
92 124 61
53 82 24
0 26 0
0 11 0
0 8 0
0 7 0
8 11 4
1 0 0
5 0 6
6 1 8
5 3 8
7 5 8
8 8 8
8 10 5
8 14 4
7 15 4
8 8 6
8 8 6
7 7 5
7 7 5
5 5 3
3 3 1
1 1 0
0 0 0
1 1 0
1 1 0
1 1 0
2 2 0
2 2 0
3 3 1
3 3 1
3 3 1
0 5 0
0 5 0
0 4 0
0 4 0
1 3 0
2 2 0
2 2 0
3 1 2
5 1 2
5 1 2
5 0 1
4 0 0
5 0 1
7 1 3
10 4 6
11 5 7
21 9 13
24 15 16
19 18 13
5 11 0
0 6 0
0 7 0
0 10 0
0 11 0
0 13 0
6 21 0
0 8 0
0 12 0
30 68 17
7 56 0
47 105 28
45 109 25
73 141 32
86 154 43
77 146 30
84 152 33
95 164 39
113 180 49
143 210 71
146 211 67
147 211 63
149 214 60
157 221 65
153 215 56
157 217 59
151 211 51
158 218 58
161 219 59
136 206 29
132 202 25
0 3 0
0 3 0
12 18 6
0 3 0
0 3 0
0 3 0
11 16 10
0 1 2
6 9 14
0 0 7
5 8 13
0 2 0
0 5 0
9 18 0
0 7 0
0 12 0
0 12 0
0 14 0
42 73 14
88 128 58
73 120 40
63 116 28
77 134 40
78 138 42
80 139 47
80 134 50
71 116 47
58 95 41
59 85 46
56 74 50
49 60 46
58 65 57
65 58 112
68 65 108
45 50 72
54 66 64
34 57 29
49 82 29
112 154 82
80 130 43
79 136 41
71 136 32
58 127 18
45 118 1
47 123 0
54 134 1
50 133 0
39 122 0
88 131 52
71 113 39
7 44 0
0 16 0
0 11 0
0 7 0
9 15 3
2 2 0
4 2 7
6 1 8
5 2 9
6 4 9
7 7 7
8 10 5
9 14 7
10 16 6
10 10 8
10 10 8
10 10 8
9 9 7
7 7 5
5 5 3
3 3 1
2 2 0
2 2 0
2 2 0
2 2 0
2 2 0
2 2 0
2 2 0
2 2 0
2 2 0
0 4 0
0 4 0
0 4 0
0 4 0
1 3 0
1 3 0
1 3 0
2 2 0
0 0 0
1 0 0
4 0 0
6 2 3
9 5 6
14 8 10
18 12 14
21 15 17
27 14 21
22 13 14
16 13 8
15 18 7
17 25 10
14 27 9
4 17 0
0 6 0
0 4 0
4 12 0
0 6 0
0 12 0
50 81 39
30 71 13
41 92 23
41 98 21
35 94 4
75 134 42
93 150 55
96 154 52
82 141 33
81 142 25
115 175 51
128 189 59
143 204 65
137 199 54
151 211 63
142 203 50
159 220 64
145 207 48
151 211 51
141 201 41
134 204 28
129 199 23
0 11 0
8 22 0
0 7 0
0 7 0
6 19 0
4 17 0
0 5 0
3 11 0
6 12 8
0 2 5
2 5 10
0 4 5
2 4 1
4 7 0
0 3 0
5 10 0
9 24 1
0 9 0
30 54 18
105 134 88
117 152 94
102 143 75
95 141 66
84 131 51
88 135 55
85 129 52
61 102 32
59 93 33
75 103 55
71 93 54
47 64 32
23 37 11
69 67 104
47 49 74
58 65 73
31 45 30
37 62 23
61 95 35
48 90 16
88 137 55
99 154 63
84 145 50
62 128 28
47 116 7
51 126 7
66 143 13
64 145 4
53 135 0
64 119 25
76 129 39
33 77 0
10 49 0
2 30 0
0 9 0
0 11 0
1 3 0
3 3 5
4 1 8
5 2 9
6 4 9
6 6 6
8 10 5
10 13 6
9 15 5
11 11 9
11 11 9
11 11 9
10 10 8
9 9 7
7 7 5
5 5 3
4 4 2
2 2 0
2 2 0
2 2 0
2 2 0
2 2 0
2 2 0
2 2 0
2 2 0
0 4 0
0 4 0
0 4 0
0 4 0
0 4 0
0 4 0
1 3 0
1 3 0
0 2 0
1 2 0
2 3 0
4 3 1
8 7 5
14 10 9
18 14 13
20 16 15
23 12 18
19 10 13
13 9 6
6 9 0
0 8 0
0 6 0
0 7 0
2 7 0
0 2 0
0 2 0
0 4 0
0 7 0
42 66 30
59 93 42
23 67 4
18 68 0
14 61 0
45 92 22
63 111 37
81 130 49
81 131 42
76 128 30
93 146 38
93 148 29
154 210 83
141 199 63
144 203 59
131 191 41
151 212 56
140 202 41
144 206 43
132 195 29
146 216 42
139 209 35
0 14 0
0 11 0
9 30 0
0 14 0
136 155 110
30 46 7
4 19 0
0 6 0
2 10 0
0 3 0
0 2 3
2 3 7
3 4 6
4 4 2
5 6 0
9 11 0
0 3 2
0 5 0
20 36 23
87 107 82
93 119 82
63 92 44
42 77 19
34 71 4
40 80 9
69 106 36
63 100 30
68 100 35
84 114 54
85 112 57
76 100 50
50 74 26
66 70 82
101 109 112
52 64 52
40 59 27
59 86 33
51 86 18
67 110 31
67 115 31
98 152 66
84 142 55
64 128 34
52 119 16
53 126 11
60 137 9
61 139 1
56 135 0
42 105 0
70 131 28
58 113 22
46 90 15
36 71 13
6 31 0
0 7 0
0 2 0
2 2 2
4 1 8
5 2 9
6 4 9
6 6 8
7 7 5
7 10 3
5 11 1
10 10 8
10 10 8
11 11 9
10 10 8
10 10 8
8 8 6
7 7 5
6 6 4
3 3 1
3 3 1
3 3 1
2 2 0
2 2 0
1 1 0
1 1 0
1 1 0
1 3 0
0 4 0
0 4 0
0 4 0
0 4 0
0 4 0
0 4 0
0 4 0
1 6 0
2 5 0
1 4 0
2 3 0
3 4 0
6 5 1
8 7 5
10 9 7
20 9 15
15 6 9
11 7 4
8 9 3
2 8 0
0 4 0
0 3 0
5 6 1
11 10 8
9 5 4
16 17 11
1 8 0
52 71 39
92 121 75
48 88 28
30 75 8
14 49 7
21 58 14
24 62 11
50 90 30
68 109 41
81 126 45
122 169 77
144 193 88
172 225 107
160 215 85
153 210 69
142 202 52
150 212 53
147 210 44
151 214 45
144 210 38
136 206 30
128 198 22
0 13 0
33 59 11
19 46 0
106 131 76
134 157 103
159 182 130
39 58 13
0 13 0
0 10 0
1 9 0
0 1 0
0 0 4
1 0 5
1 0 2
3 1 2
1 0 0
5 12 30
0 7 20
3 14 18
9 24 17
0 14 0
0 11 0
0 13 0
0 21 0
0 27 0
62 95 26
78 111 40
79 113 39
82 113 43
87 118 48
102 133 65
87 118 50
98 108 99
99 112 94
92 109 77
49 73 23
51 82 15
72 109 32
48 91 9
47 95 11
77 129 46
73 128 45
70 130 44
67 133 36
60 129 20
52 126 3
53 129 0
56 135 0
40 111 0
59 127 16
66 126 28
60 109 27
64 103 40
35 62 19
0 8 0
0 4 0
0 2 1
3 1 6
5 2 9
6 4 9
7 5 8
5 5 3
3 6 0
2 5 0
8 8 6
9 9 7
9 9 7
10 10 8
10 10 8
9 9 7
9 9 7
8 8 6
3 3 1
3 3 1
3 3 1
2 2 0
2 2 0
1 1 0
1 1 0
1 1 0
1 3 2
1 3 2
1 3 0
0 4 0
0 4 0
0 5 0
0 5 0
0 5 0
2 10 0
2 8 0
0 5 0
1 4 0
0 3 0
3 4 0
4 5 0
6 5 1
11 0 6
4 0 0
3 0 0
6 7 1
7 13 3
2 8 0
0 1 0
1 0 0
4 0 1
4 0 0
17 13 10
10 14 0
75 90 61
93 118 76
89 124 68
46 86 23
10 38 16
7 35 10
2 31 0
27 59 18
42 76 25
55 94 27
115 156 77
160 206 108
140 190 77
147 199 73
145 202 61
149 210 57
140 202 39
142 205 36
137 204 28
141 208 30
116 186 9
109 179 2
116 146 92
177 206 150
174 203 145
152 180 119
157 183 122
193 217 159
110 130 81
0 12 0
0 11 0
7 15 2
0 4 3
4 5 9
7 6 12
7 4 11
10 8 13
3 0 2
0 0 26
0 5 27
0 0 16
0 3 7
0 11 2
0 17 0
0 14 0
0 17 0
0 19 0
73 104 36
93 125 52
80 112 36
63 97 20
62 97 17
83 118 38
69 104 24
70 84 61
62 78 49
55 76 33
58 83 25
55 87 14
69 107 24
81 125 38
57 105 19
64 116 34
71 126 45
84 143 59
91 154 63
79 146 41
61 132 12
59 135 1
72 149 7
50 124 1
53 123 7
62 125 21
54 108 22
73 114 48
52 81 35
0 9 0
0 11 0
0 1 0
3 1 6
5 2 9
7 5 10
7 5 8
4 4 2
1 4 0
0 2 0
7 7 5
7 7 5
9 9 7
10 10 8
10 10 8
10 10 8
9 9 7
9 9 7
4 4 2
3 3 1
3 3 1
2 2 0
2 2 0
1 1 0
1 1 0
0 0 0
1 3 2
1 3 2
1 3 0
0 4 0
0 4 0
0 5 0
0 5 0
0 6 0
1 9 0
0 8 0
0 6 0
0 6 0
3 6 0
6 7 1
8 9 3
9 10 5
20 11 16
16 10 12
15 11 8
8 9 3
0 2 0
0 2 0
0 1 0
17 16 14
13 7 11
6 0 0
16 11 8
4 6 0
64 77 51
25 50 8
48 81 26
0 19 0
1 22 13
0 13 0
0 10 0
21 48 17
31 62 20
21 56 0
50 88 13
74 117 27
102 150 41
129 181 55
144 201 60
167 226 72
144 207 41
145 212 37
132 200 19
140 208 25
139 209 32
135 205 28
142 199 102
143 201 101
161 215 117
151 201 104
125 170 77
162 202 116
199 233 159
39 69 7
0 14 0
0 22 0
0 12 0
0 24 0
0 13 0
0 14 0
0 28 0
87 120 63
20 9 41
21 20 0
3 11 0
1 7 0
3 3 5
3 2 18
5 12 5
0 6 0
7 22 1
47 69 30
104 133 66
96 128 63
89 117 94
116 143 136
96 131 75
91 140 15
47 107 0
50 113 0
78 141 26
88 153 37
74 141 25
69 138 19
63 132 15
58 127 10
60 129 13
67 135 22
47 113 5
86 149 44
109 169 69
93 150 53
47 102 8
73 128 34
47 114 8
51 117 9
53 115 4
70 126 17
80 127 23
39 75 0
0 22 0
0 14 0
0 6 0
3 6 0
5 6 10
7 8 13
8 9 11
0 3 0
0 5 0
4 14 0
7 5 8
7 5 6
7 5 6
7 6 4
8 7 3
10 9 4
10 11 3
11 13 2
9 11 0
7 9 0
3 6 0
3 6 0
3 6 0
3 6 0
1 3 0
0 1 0
0 1 4
0 1 4
0 1 4
0 1 2
0 2 3
0 4 5
2 6 5
3 7 6
0 5 1
2 7 3
6 11 5
11 16 10
15 20 14
18 23 16
21 26 19
22 27 20
18 25 31
12 20 23
3 11 14
0 5 7
0 4 3
0 5 2
0 5 0
0 6 0
0 4 0
0 5 0
0 7 0
1 10 0
3 12 0
4 13 0
5 15 0
5 15 0
5 19 4
0 9 0
0 11 0
10 30 3
24 44 16
24 48 14
23 51 11
27 58 14
0 30 0
75 115 45
128 172 85
141 190 81
150 206 71
139 200 44
132 196 21
152 218 33
153 218 30
139 204 16
131 192 89
151 209 107
172 229 126
175 227 126
150 198 99
141 184 94
200 237 157
159 190 122
23 52 0
0 13 0
3 29 0
0 13 0
53 83 33
146 176 122
128 162 101
163 198 134
92 84 107
3 3 0
18 26 0
1 6 0
6 6 16
0 0 11
0 5 0
6 19 0
0 6 0
100 119 99
118 146 95
69 100 41
79 108 80
65 92 83
79 112 65
85 130 29
81 140 30
55 114 4
56 119 5
84 148 34
77 144 28
91 158 42
87 156 39
66 135 18
69 138 22
80 148 35
72 138 28
68 131 26
69 130 27
86 144 44
75 132 35
63 118 24
53 120 15
63 129 23
55 117 8
59 115 6
87 135 33
78 119 27
26 56 0
0 13 0
0 12 0
0 5 0
0 1 4
0 0 5
0 2 3
4 9 2
6 13 0
2 10 0
8 6 9
7 5 6
7 5 6
8 7 5
7 8 3
8 9 3
9 10 2
10 12 1
9 11 0
6 9 0
3 6 0
3 6 0
4 7 0
3 5 0
1 3 0
0 1 0
0 1 3
0 0 2
0 0 2
0 2 1
1 3 2
2 4 3
4 6 3
5 7 4
13 15 10
15 17 12
17 19 14
20 23 16
22 25 18
24 27 20
25 28 19
25 28 19
17 23 23
11 17 17
4 10 10
0 5 3
0 3 1
0 3 0
0 4 0
0 3 0
2 10 0
3 9 0
4 10 0
5 11 0
4 11 0
3 10 0
2 9 0
1 8 0
0 13 0
0 9 0
1 18 0
19 37 13
26 46 18
16 40 6
7 33 0
6 35 0
41 73 23
96 135 70
138 181 99
141 190 85
148 200 73
165 224 72
160 222 53
133 198 20
154 217 42
147 210 35
116 178 69
132 191 83
127 185 75
136 189 81
143 195 87
109 155 56
147 187 98
159 196 116
211 244 175
86 116 54
71 100 42
147 178 119
200 235 171
120 155 87
112 150 75
168 206 129
131 132 134
0 5 0
6 14 0
0 2 0
0 0 16
0 9 8
0 15 0
0 8 0
0 12 19
10 27 35
0 20 0
0 15 0
0 13 0
0 11 0
15 46 14
73 112 45
97 154 49
97 154 49
71 130 22
105 167 58
63 127 15
50 117 4
74 143 27
63 132 16
80 149 33
83 151 38
92 158 48
65 131 23
54 117 12
74 135 32
93 151 51
63 121 21
34 100 0
53 118 16
54 115 11
54 111 6
79 132 28
93 138 45
69 106 29
40 69 13
0 18 0
0 5 0
0 5 2
0 2 6
0 1 4
2 4 1
12 15 6
0 3 0
7 7 9
7 7 7
7 7 7
8 8 6
8 9 4
8 9 3
8 9 1
7 10 1
7 10 1
5 8 0
4 7 0
4 7 0
5 7 2
5 7 4
3 5 4
1 3 2
3 2 0
3 2 0
2 1 0
2 1 0
3 2 0
5 4 0
6 5 1
7 6 1
16 15 10
17 16 11
18 18 10
18 18 10
19 19 11
18 18 10
17 17 9
17 17 7
11 13 8
7 9 4
3 5 0
1 3 0
2 4 0
2 5 0
2 5 0
1 4 0
6 9 2
7 10 3
8 11 4
8 11 4
7 10 3
5 8 1
3 6 0
2 5 0
0 6 0
0 6 0
2 19 0
19 37 15
22 42 15
10 34 2
2 28 0
1 29 0
60 92 45
188 223 165
222 255 187
169 215 117
154 203 85
145 199 59
136 193 36
157 218 52
142 204 31
142 204 31
152 215 100
157 220 105
143 204 87
142 199 82
169 224 107
149 199 88
155 200 97
138 179 85
137 175 90
174 211 134
190 226 152
190 226 152
158 197 118
109 151 65
144 187 97
137 181 86
170 184 149
0 9 0
21 35 12
1 9 20
0 2 17
0 16 0
145 171 110
0 17 0
0 4 19
0 1 34
0 21 13
6 39 0
0 26 0
0 27 0
0 13 0
97 131 98
135 189 91
87 141 43
90 146 45
93 151 48
92 154 47
121 185 75
49 116 3
72 140 27
79 147 34
68 136 23
83 151 38
74 140 30
79 142 35
59 122 17
73 134 30
69 130 27
74 138 42
68 130 33
54 117 13
50 111 7
60 117 14
66 117 22
64 109 26
61 100 35
5 34 0
0 9 0
0 13 4
10 19 18
0 1 4
0 0 2
9 8 6
3 0 0
7 9 8
7 9 8
7 9 8
7 9 6
7 9 4
7 10 3
6 9 2
5 8 0
7 10 1
5 8 1
4 7 0
4 6 1
6 8 5
6 8 7
3 7 8
1 5 6
6 3 0
6 3 0
6 3 0
6 3 0
6 3 0
7 4 0
8 5 0
9 6 0
11 8 1
11 8 1
12 9 0
11 8 0
11 8 0
10 7 0
8 5 0
7 4 0
5 5 0
3 3 0
3 3 0
4 4 0
7 7 0
9 9 1
9 9 1
7 8 2
2 3 0
3 4 0
5 5 3
7 7 7
8 8 8
8 8 8
7 7 9
6 6 8
0 11 1
0 13 0
5 19 2
10 28 6
10 28 4
4 24 0
4 27 0
9 35 0
0 23 0
46 78 28
95 132 65
102 141 58
113 158 53
165 215 90
190 243 101
162 216 66
154 220 34
155 221 35
137 202 82
139 203 81
151 215 92
148 208 84
154 213 87
151 205 85
165 215 100
132 179 73
150 194 96
112 155 63
117 160 70
132 175 85
154 199 104
198 245 143
153 201 92
135 185 72
144 173 93
25 51 0
0 8 0
0 9 19
0 18 16
56 86 26
139 175 77
117 149 84
0 11 18
0 11 49
0 8 4
0 19 0
127 168 76
130 169 104
0 29 0
11 42 26
92 141 50
118 169 77
86 140 46
103 159 62
102 160 58
75 136 32
57 123 15
79 145 35
71 139 26
69 137 24
69 137 24
66 134 21
96 162 52
57 121 11
48 111 4
69 132 25
103 164 71
74 135 40
48 110 9
43 106 1
56 117 13
68 128 28
67 122 31
54 102 28
31 72 16
0 16 0
0 8 0
8 19 13
0 2 3
1 0 4
11 4 11
6 0 2
6 8 7
7 9 8
8 10 7
8 10 7
8 10 5
7 10 3
6 9 2
5 8 1
7 10 3
5 8 1
4 6 1
3 8 4
5 9 8
6 10 11
5 9 12
3 7 10
8 5 0
8 5 0
7 4 0
7 4 0
7 4 0
8 5 0
9 6 0
9 6 0
7 4 0
8 5 0
9 6 0
9 6 0
9 6 0
8 5 0
7 4 0
7 4 0
8 6 0
7 5 0
7 5 0
8 6 0
10 8 0
11 8 0
8 8 0
7 6 1
1 0 0
1 1 0
2 2 2
4 4 6
6 5 10
7 6 12
7 8 13
8 9 14
7 20 11
7 20 10
8 22 7
5 22 3
1 19 0
0 18 0
2 22 0
7 30 1
0 25 0
19 47 6
0 23 0
22 58 0
137 177 88
182 225 117
149 195 73
144 191 61
158 221 44
156 219 42
146 211 91
119 185 62
142 207 81
148 211 81
148 209 79
146 205 77
168 224 101
142 195 79
156 205 96
158 207 102
133 181 79
150 199 94
142 191 82
156 209 93
136 190 68
128 183 56
158 203 74
59 98 5
0 14 0
0 9 0
0 20 0
135 177 75
124 172 34
136 178 80
22 50 35
5 30 52
0 15 0
0 41 0
176 225 100
136 180 82
105 142 91
14 45 27
89 134 51
106 154 70
62 112 25
97 150 58
130 186 89
98 158 58
106 169 64
69 135 27
73 141 30
92 160 47
73 142 26
57 126 10
90 157 44
72 139 26
52 119 6
72 136 24
76 132 41
75 134 40
72 134 35
56 122 16
52 118 10
75 141 35
79 143 46
57 115 30
55 104 38
0 37 0
0 12 0
0 7 0
0 2 0
4 0 3
10 0 9
8 0 5
2 6 5
3 8 4
5 10 6
7 12 6
7 12 5
6 11 4
4 9 2
3 9 0
4 9 2
3 8 1
2 7 1
6 8 5
8 10 9
10 11 13
9 10 14
7 8 12
8 8 0
7 7 0
6 6 0
6 6 0
6 6 0
6 6 0
7 7 0
8 8 0
2 2 0
3 3 0
4 4 0
5 5 0
6 6 0
6 6 0
5 5 0
5 5 0
15 13 0
13 11 0
10 8 0
9 7 0
9 7 0
6 6 0
4 4 0
0 1 0
4 5 0
2 4 1
1 3 2
0 3 4
1 5 8
3 7 10
6 9 14
8 11 16
0 13 4
4 17 7
8 22 7
7 24 6
6 24 2
6 24 2
9 28 6
13 33 8
13 36 8
0 20 0
22 49 6
94 125 68
154 188 114
181 217 127
179 217 114
163 205 95
136 191 64
136 191 64
151 216 98
120 185 65
128 194 70
123 188 58
139 202 71
141 202 72
147 206 78
124 182 59
127 182 65
160 214 102
107 161 49
145 199 85
157 212 93
116 172 47
134 191 60
110 167 34
155 215 42
113 165 38
79 122 51
0 18 0
112 156 79
157 211 71
128 187 17
109 161 34
88 128 76
0 11 0
0 16 0
82 130 18
172 226 76
119 170 39
162 204 128
31 67 31
0 34 0
0 23 0
121 169 85
83 133 46
47 102 9
72 129 32
67 130 26
95 161 53
79 145 35
93 161 48
78 147 31
69 138 22
74 141 26
84 151 36
72 139 24
78 142 28
75 130 39
89 146 52
105 165 65
88 154 48
53 121 12
50 119 10
60 129 23
49 114 20
59 116 35
33 79 15
5 38 0
0 13 0
0 4 0
4 0 1
10 0 6
10 0 5
0 5 1
1 7 3
5 10 4
7 12 6
7 12 5
7 13 3
5 11 1
4 10 0
4 10 0
5 8 1
4 6 1
6 8 5
9 11 10
11 12 14
10 11 13
9 10 14
7 10 0
6 9 0
5 8 0
4 7 0
4 7 0
5 8 0
5 8 0
6 9 0
0 3 0
1 4 0
2 5 0
3 5 0
3 5 0
3 5 0
3 5 0
2 4 0
12 12 2
9 9 0
6 6 0
3 5 0
3 4 0
2 5 0
1 4 0
0 2 0
1 8 0
0 6 0
0 5 0
0 5 0
0 8 2
2 15 8
8 21 14
12 25 18
10 23 14
13 26 16
12 28 15
12 29 11
12 29 10
15 33 11
17 36 14
18 37 17
1 20 0
7 30 4
11 35 3
62 88 43
127 155 97
115 147 74
98 132 48
139 174 84
134 178 103
143 187 112
146 210 100
152 216 102
158 223 103
126 190 67
144 209 79
151 214 84
147 210 80
133 195 70
120 179 59
153 212 96
148 205 90
100 157 40
131 189 68
130 189 61
118 178 44
100 161 22
111 181 0
111 174 23
94 148 50
144 196 114
118 175 62
146 208 47
127 192 10
93 153 6
140 188 104
21 63 13
43 89 17
156 211 84
131 189 27
111 166 20
160 208 109
141 182 124
0 21 0
23 67 0
147 194 113
157 207 120
53 106 14
0 53 0
114 175 72
56 119 12
75 141 31
70 138 25
68 137 21
87 154 38
62 129 13
79 146 30
81 146 30
80 145 29
86 137 45
67 121 27
83 141 41
98 161 56
73 141 32
53 125 15
58 130 22
62 130 29
57 117 27
76 127 52
63 101 44
25 47 9
4 13 0
5 2 0
13 1 5
21 4 14
0 5 0
0 7 0
3 10 2
7 12 5
8 14 4
7 13 1
6 12 0
6 10 0
6 9 0
5 8 0
4 7 0
7 8 2
10 11 6
12 12 10
12 12 10
11 11 11
4 12 0
4 12 0
3 11 0
2 10 0
2 10 0
2 10 0
3 10 2
3 10 2
3 10 3
3 9 5
4 10 6
5 11 9
5 11 9
4 10 8
3 9 9
2 8 8
4 6 3
2 4 1
0 1 0
0 2 0
0 5 0
0 7 0
0 9 0
0 10 0
0 8 0
0 7 0
0 7 0
0 9 0
0 15 0
2 25 5
11 34 14
17 40 20
41 57 47
37 53 42
27 44 28
16 33 14
11 29 7
12 30 8
12 31 9
12 31 12
4 23 4
3 22 3
9 29 4
26 47 14
29 52 8
24 49 0
72 99 32
151 179 105
131 173 99
149 191 117
138 198 98
118 179 75
138 200 89
129 192 75
146 210 87
134 199 73
144 209 83
161 225 102
139 203 83
139 200 83
136 196 82
118 177 59
126 186 64
128 189 60
115 177 42
172 234 97
117 193 0
106 173 16
83 144 27
114 173 65
91 154 21
148 215 50
138 206 35
100 164 18
149 205 98
116 168 85
148 199 107
149 205 80
144 205 52
119 177 30
122 174 64
144 190 115
135 178 99
115 160 79
140 188 104
129 179 90
133 187 93
0 29 0
82 143 39
63 126 19
115 182 69
82 149 34
101 168 53
73 140 24
77 142 26
82 147 31
76 139 24
62 125 11
95 142 50
104 153 61
89 143 47
68 126 26
97 162 58
58 125 19
46 115 9
76 143 40
48 109 14
80 132 50
74 113 48
21 47 0
0 7 0
7 5 0
17 7 6
10 0 2
1 8 0
3 10 2
3 9 0
0 5 0
2 8 0
9 15 1
13 17 2
9 13 0
4 7 0
8 10 0
10 12 0
9 9 0
10 10 0
13 13 5
12 12 4
8 7 2
0 11 0
0 11 0
0 12 0
0 14 0
1 15 2
1 15 2
0 13 3
0 13 4
4 17 10
3 15 11
5 17 13
7 19 17
4 16 14
0 9 9
0 6 6
0 7 7
3 8 14
0 2 6
0 2 5
0 2 4
0 5 4
2 15 8
0 12 2
0 7 0
0 11 0
0 10 0
0 20 0
7 38 7
32 63 31
66 100 65
76 112 76
44 80 42
48 65 55
70 88 74
59 78 59
45 64 42
54 74 49
40 60 35
16 35 13
19 38 18
2 21 2
0 17 1
4 21 2
16 34 8
26 46 11
33 55 9
38 61 7
43 67 9
61 106 3
116 161 58
141 197 106
130 190 94
123 184 81
107 169 58
132 195 78
100 166 43
161 227 104
163 228 108
146 211 93
141 204 89
135 198 84
109 169 55
148 209 88
137 197 73
125 186 56
135 197 62
107 181 6
137 206 61
86 151 31
91 155 33
96 163 22
130 199 48
97 162 18
87 150 19
134 195 78
108 165 62
147 203 104
129 185 74
134 194 62
76 136 2
140 196 85
145 197 114
101 146 61
147 195 109
161 210 121
126 180 86
155 211 114
29 87 0
38 100 0
83 147 37
124 188 76
115 179 65
97 161 47
72 136 22
94 157 43
123 183 70
88 148 35
79 138 28
86 129 40
75 119 30
133 182 91
78 131 39
67 124 30
59 118 24
112 174 77
47 106 12
64 119 28
79 126 45
62 99 30
15 39 0
0 7 0
5 6 0
16 9 3
8 0 0
3 9 0
3 9 0
4 10 0
7 13 0
11 15 0
12 16 0
13 16 0
13 16 0
7 9 0
10 12 0
12 11 0
9 8 0
11 10 0
17 14 0
20 17 2
18 15 0
6 24 2
4 22 0
2 19 0
4 21 2
10 27 9
15 32 16
18 34 21
18 34 23
12 28 18
4 19 12
0 11 6
0 7 4
0 4 4
0 4 4
0 9 10
3 17 18
0 6 15
0 9 18
5 14 21
3 14 16
0 4 4
0 6 0
0 7 0
0 25 6
0 19 0
0 27 0
30 66 30
86 124 83
89 130 86
75 118 72
58 102 53
58 102 51
62 85 69
57 80 62
63 87 65
67 90 64
50 73 44
29 52 23
15 38 10
9 28 6
29 48 29
19 37 21
11 28 10
9 27 5
11 30 2
16 36 0
29 48 3
39 59 10
40 81 0
63 104 2
124 178 94
154 210 121
130 187 92
165 226 122
131 194 80
140 205 87
138 203 83
144 209 91
126 191 75
135 199 87
141 205 93
124 187 73
183 244 127
149 209 87
140 201 74
106 167 38
107 177 29
124 190 66
123 187 77
158 223 103
112 180 45
107 172 42
100 163 49
90 152 43
129 192 75
149 209 96
170 227 132
108 164 73
99 156 49
94 153 35
175 232 129
111 164 84
130 179 87
150 201 106
139 193 95
111 166 65
148 205 102
96 155 49
31 93 0
103 167 55
133 197 83
123 187 73
121 184 70
46 105 0
140 198 88
115 172 65
96 152 45
59 115 8
66 104 21
79 118 37
123 164 85
193 237 160
42 88 13
79 127 51
76 127 48
59 108 29
56 103 23
68 108 35
63 95 30
43 66 14
37 49 13
44 47 26
43 40 31
32 24 22
4 10 0
0 3 0
2 6 0
9 13 0
9 12 0
1 4 0
1 3 0
4 7 0
15 15 0
15 14 0
10 9 0
6 2 0
6 2 0
6 2 0
7 1 0
7 1 0
0 8 0
0 10 0
14 30 3
36 52 26
50 65 42
49 64 43
35 50 31
22 36 19
14 28 13
8 21 11
5 18 9
4 17 10
0 11 7
0 4 0
0 4 2
0 4 2
4 11 21
0 2 9
0 2 7
1 12 14
8 23 20
0 14 5
0 9 0
0 14 0
0 20 0
69 104 71
102 140 99
96 139 93
51 98 46
61 110 55
52 101 45
59 110 53
107 134 115
61 86 64
59 85 58
75 102 71
60 87 52
54 80 45
56 81 49
39 62 34
19 38 16
15 34 15
13 30 12
13 30 11
12 30 4
11 28 0
15 33 0
21 39 0
33 62 4
22 51 0
135 186 107
156 208 125
128 183 90
157 215 113
104 166 55
147 212 96
112 177 59
129 196 80
124 191 76
133 197 85
123 187 77
118 180 69
159 219 105
126 185 67
143 203 79
122 181 55
150 217 88
108 171 66
98 159 64
157 221 107
100 167 38
76 140 26
122 182 92
154 213 121
128 191 77
96 159 44
106 165 73
122 179 102
99 158 64
121 183 72
162 220 120
135 189 113
124 179 75
86 141 37
105 162 55
121 180 72
130 189 79
139 202 88
114 177 63
159 222 107
136 199 84
122 185 71
142 202 89
71 129 19
162 218 111
110 163 59
106 157 56
58 109 8
107 141 67
75 108 39
147 182 116
122 156 96
139 174 120
60 95 41
127 162 108
138 173 115
160 194 133
169 199 139
174 199 142
174 193 147
178 189 155
182 187 167
179 181 170
171 170 166
182 186 172
148 150 137
111 113 99
88 91 72
73 75 53
68 71 44
88 89 58
115 114 83
138 138 104
159 156 121
182 178 141
192 188 151
188 182 146
170 164 128
143 135 99
120 112 76
79 94 55
68 83 44
54 69 30
46 60 24
43 57 22
36 50 17
24 37 9
15 28 2
0 8 0
0 6 0
0 8 0
3 14 0
5 15 4
1 11 0
0 8 0
0 8 0
2 8 8
2 8 8
2 11 8
1 12 6
0 5 0
0 6 0
5 26 7
29 55 30
83 114 83
93 127 92
61 99 58
83 126 80
71 117 68
87 136 81
58 107 52
80 131 74
86 116 92
71 101 75
77 108 76
76 108 69
45 76 34
31 59 18
42 70 30
50 76 41
15 38 9
16 35 13
18 37 17
22 40 18
19 37 11
16 32 3
16 33 0
21 39 1
32 50 38
13 31 19
147 196 117
152 201 119
137 190 98
127 183 82
143 202 92
114 177 60
139 204 84
109 177 58
118 185 70
119 186 73
108 172 62
139 201 90
154 214 101
121 180 62
123 181 60
114 172 49
133 197 74
127 187 91
96 154 70
158 220 113
159 226 97
100 164 50
106 166 80
151 211 121
116 181 65
99 164 44
137 198 105
110 168 91
87 149 52
166 231 111
159 222 115
110 168 91
111 171 57
96 156 42
138 199 82
136 199 82
94 157 40
93 158 38
106 171 51
100 163 46
108 171 56
110 170 57
107 165 55
124 177 71
111 162 61
111 159 60
98 143 48
83 128 33
79 107 46
144 171 116
143 169 122
113 138 99
142 165 136
202 222 195
197 217 189
167 186 154
168 189 150
167 185 143
162 179 137
157 171 135
156 169 141
162 171 154
171 176 169
177 181 180
171 173 159
170 171 157
182 183 165
201 203 182
208 208 182
202 201 171
204 204 170
219 217 179
216 213 172
215 210 168
206 202 157
199 192 146
200 192 146
209 201 155
218 210 164
220 212 166
199 207 156
191 199 148
178 186 137
161 169 122
136 143 99
97 104 62
54 60 22
24 30 0
18 23 0
7 12 0
0 4 0
0 4 0
0 3 0
0 3 0
6 9 0
12 15 0
0 2 0
6 8 0
2 6 0
0 4 0
1 10 0
40 53 33
89 107 83
119 139 112
70 95 65
97 127 93
77 111 74
95 133 92
67 108 64
79 122 76
65 111 64
108 154 107
70 105 75
71 106 74
50 86 48
39 75 31
55 88 41
55 89 39
44 76 29
49 77 36
39 65 30
30 53 24
22 42 17
17 35 11
14 32 6
16 32 3
24 41 5
34 52 14
15 31 21
11 27 17
143 187 108
169 217 133
122 173 80
149 204 102
169 229 116
111 175 55
166 232 109
108 176 55
128 196 77
113 180 65
112 176 64
159 221 110
170 230 116
150 209 91
136 194 73
134 190 67
136 202 66
150 210 112
122 179 100
140 202 95
110 176 42
78 142 19
131 191 93
154 216 115
155 221 95
87 154 25
160 222 121
137 200 111
121 188 72
113 184 44
99 167 46
112 174 91
108 172 49
141 205 82
151 217 93
126 192 68
123 189 65
136 202 78
150 216 93
124 188 66
105 166 49
108 166 53
106 162 53
129 180 77
89 137 38
89 132 40
110 150 61
115 155 66
130 154 106
131 152 111
143 162 132
221 235 218
196 207 201
183 192 191
157 163 161
190 197 189
173 180 164
175 183 159
173 183 156
170 180 153
165 177 155
166 176 165
170 181 177
174 184 185
189 190 174
182 183 167
181 180 160
184 184 160
185 184 156
189 186 153
202 200 162
220 217 174
210 206 159
217 211 161
222 215 163
222 215 161
224 215 160
227 216 162
224 213 159
218 207 153
207 207 145
199 199 137
192 192 132
193 192 135
203 202 146
215 214 160
224 222 173
227 224 179
182 179 136
159 155 117
127 123 88
96 91 59
64 59 29
33 28 0
10 4 0
7 1 0
16 12 0
19 15 0
12 10 0
16 16 0
47 51 24
94 100 72
112 123 93
103 118 89
93 112 82
112 136 104
82 109 76
71 102 70
62 97 64
97 134 100
68 108 73
45 85 50
42 82 48
70 108 71
67 106 62
75 113 64
108 147 94
87 124 70
25 60 6
0 27 0
25 53 12
16 42 7
9 32 3
10 30 2
12 31 3
11 30 0
16 33 0
20 38 0
8 22 0
16 30 4
156 201 120
162 207 122
109 159 64
140 195 91
129 187 74
125 189 67
143 209 85
136 204 81
154 222 101
120 187 71
128 192 78
128 191 77
142 200 87
140 197 80
155 210 90
171 227 104
103 169 17
124 183 77
134 189 108
155 214 106
92 160 13
67 134 0
140 203 88
115 180 64
97 165 26
88 156 17
149 216 103
111 177 71
99 170 30
112 189 23
107 179 41
102 167 75
144 211 80
147 214 83
114 184 52
89 159 27
102 172 40
128 197 68
117 183 57
107 171 49
121 182 63
141 199 86
145 198 92
129 177 77
127 171 76
101 141 52
145 183 96
158 193 109
166 186 149
202 218 189
200 213 196
186 195 194
145 147 159
173 170 189
174 170 187
172 169 180
170 168 169
179 179 171
186 188 174
184 191 173
181 192 178
180 191 183
174 186 186
164 178 181
179 177 162
186 185 167
195 194 173
202 200 175
206 202 173
210 207 172
218 215 174
225 221 174
226 220 170
225 218 164
220 211 154
211 202 143
211 201 140
220 208 148
226 215 153
227 216 154
217 213 140
216 212 141
217 213 142
219 214 146
221 216 152
218 212 150
213 207 149
208 201 147
208 201 149
199 191 144
191 182 139
189 180 139
183 173 137
171 161 126
159 149 114
153 142 110
139 131 94
159 151 114
170 165 127
162 158 121
144 144 108
129 130 96
112 117 85
97 106 75
119 134 103
100 119 91
93 116 88
102 128 101
73 101 76
55 85 61
56 88 65
74 108 84
71 113 77
77 118 78
67 109 63
43 83 31
17 58 0
4 44 0
15 53 0
40 72 22
20 49 5
13 39 0
10 34 0
16 37 6
20 39 9
15 35 0
10 28 0
5 23 0
12 25 0
17 30 0
162 205 125
118 164 76
177 227 130
149 202 96
161 220 104
161 223 100
113 179 53
138 207 82
112 180 59
104 169 51
164 229 113
134 197 82
137 196 80
108 166 46
113 169 46
117 173 48
137 204 39
150 208 95
101 156 72
123 183 70
138 205 50
110 179 24
156 221 91
152 219 90
108 178 30
113 182 37
124 192 73
141 208 92
108 183 28
124 204 21
109 184 32
120 186 88
166 236 101
124 194 59
113 183 48
129 199 66
110 180 47
139 209 77
125 192 63
154 218 95
94 155 36
161 218 105
130 183 77
133 181 81
126 169 77
135 173 86
147 182 98
179 214 132
200 217 185
208 223 200
177 187 179
170 173 182
188 184 207
187 180 211
170 159 189
186 176 200
190 182 193
192 188 187
186 186 178
176 179 168
172 182 173
176 188 184
170 184 185
159 174 181
172 170 155
180 179 161
185 183 162
181 179 154
182 179 148
191 187 150
201 196 154
207 201 153
221 215 163
224 218 160
224 215 156
221 211 149
225 214 150
233 222 158
240 226 161
240 226 161
231 222 145
226 217 140
221 212 137
216 206 134
216 206 137
219 208 142
224 213 151
228 216 158
212 199 144
198 185 133
185 171 124
182 167 124
184 169 128
185 170 131
186 170 134
189 173 137
199 188 142
186 175 130
177 168 125
179 172 130
172 169 128
142 142 104
99 103 68
68 75 42
76 87 57
62 76 50
65 83 59
64 86 65
69 94 75
89 116 99
91 119 104
56 84 69
24 66 28
0 32 0
0 44 0
39 82 28
50 91 31
57 97 35
59 97 36
40 75 19
65 97 48
48 76 35
30 54 20
25 46 13
24 45 12
22 42 7
17 38 0
16 34 0
14 23 4
8 17 0
100 199 54
112 205 62
112 190 52
168 231 100
122 172 49
164 206 94
168 209 103
106 152 53
114 168 70
137 199 100
143 210 105
137 205 92
131 196 70
160 216 81
177 226 83
129 173 26
185 215 117
168 206 107
153 199 101
110 146 56
165 179 100
154 147 79
167 158 93
160 170 99
101 143 59
96 160 63
131 197 91
118 167 58
161 193 82
136 165 47
132 173 45
92 144 10
138 213 110
148 221 116
139 211 101
125 192 77
117 181 61
147 205 85
116 167 48
144 191 77
130 168 65
148 181 94
151 178 107
140 163 111
151 168 136
185 199 182
209 220 216
209 219 221
169 193 135
169 189 140
171 188 152
176 191 170
180 192 182
177 188 182
175 185 177
175 183 168
170 178 154
164 174 140
163 171 134
167 172 142
169 172 153
168 167 162
166 163 172
167 163 178
173 171 174
168 166 167
174 170 167
186 183 176
189 185 173
186 181 162
192 184 161
206 197 168
211 201 166
219 207 169
225 210 169
225 208 165
221 202 159
221 202 159
230 209 164
237 216 171
238 220 154
236 218 154
232 214 150
228 212 150
226 210 150
225 209 150
223 208 151
219 207 149
211 199 141
177 167 108
197 187 128
177 169 107
179 171 108
174 169 103
178 173 107
171 166 98
177 183 123
177 181 120
180 180 118
178 172 110
161 149 89
138 121 67
127 105 58
127 103 65
98 77 48
99 81 59
101 90 70
109 108 87
100 110 83
53 73 38
11 38 0
4 35 0
13 75 0
82 146 68
110 175 95
65 133 50
39 107 24
65 132 52
84 148 70
71 131 59
80 132 68
61 104 50
43 75 34
11 31 3
9 17 2
12 13 8
50 44 46
25 14 22
26 22 21
15 11 10
96 191 49
98 186 47
137 213 78
133 194 65
131 181 60
129 173 60
167 210 103
119 170 67
120 178 78
132 198 98
137 208 102
138 208 94
123 187 65
130 185 55
151 199 63
127 170 29
193 165 100
139 126 58
121 122 52
148 149 83
149 134 77
197 167 117
255 238 191
212 206 148
131 157 84
138 188 101
140 196 99
133 180 78
182 221 112
131 176 57
101 167 35
115 196 55
100 171 69
144 215 111
105 172 67
140 203 96
98 157 49
157 210 104
121 168 66
124 165 69
118 152 66
139 167 93
157 181 123
174 192 150
195 210 181
207 220 203
191 202 194
163 173 172
170 183 166
173 185 165
176 189 163
179 193 158
178 193 154
176 188 150
173 184 150
174 182 158
171 177 163
158 160 155
147 149 148
153 153 153
163 164 159
168 168 158
166 167 149
163 165 143
167 168 152
158 159 141
160 159 139
170 170 144
175 174 144
175 172 137
181 178 137
195 188 144
200 192 143
209 199 146
218 207 153
224 211 156
227 212 155
227 211 152
225 209 150
225 206 148
225 209 147
227 211 149
221 205 145
213 199 138
220 205 146
229 217 159
221 208 153
201 190 134
195 184 130
197 188 131
156 147 90
191 185 125
186 180 118
195 190 126
164 160 96
167 164 97
162 163 106
169 168 111
170 165 107
159 149 90
148 133 74
141 121 68
132 110 63
121 99 60
117 98 68
111 96 73
132 126 104
112 116 93
36 51 22
13 39 2
55 88 43
78 116 67
96 158 83
80 142 65
60 124 46
51 118 38
62 129 49
75 142 62
77 141 63
71 131 59
55 107 41
41 86 31
7 40 0
0 22 0
8 21 1
11 14 5
35 31 30
5 0 1
23 22 18
15 14 10
127 215 79
76 158 24
94 165 35
84 143 17
150 199 81
149 196 82
152 200 91
103 158 54
143 208 104
137 208 104
131 207 99
146 218 108
140 203 88
134 188 68
153 195 71
146 182 56
200 94 80
185 98 78
184 122 97
255 210 183
205 151 127
230 167 149
255 200 178
163 127 95
154 148 100
151 172 107
139 170 92
137 167 79
148 184 84
114 171 56
90 177 44
108 220 76
107 172 70
121 186 86
118 178 82
136 191 98
144 194 105
130 173 93
152 190 115
124 155 88
146 171 114
162 184 137
179 195 158
184 197 169
183 195 173
179 190 174
174 182 171
167 174 166
163 163 171
170 172 169
180 184 167
187 194 161
187 196 153
183 192 145
177 185 146
173 179 153
164 165 157
156 155 160
153 151 164
157 156 164
162 162 160
160 163 146
155 160 128
153 160 118
170 177 136
158 163 122
152 158 114
159 162 115
165 167 117
168 168 114
174 174 114
183 182 118
187 184 117
193 188 120
205 198 128
217 209 137
226 216 145
229 217 145
224 212 140
219 205 134
225 213 153
223 211 151
217 207 148
212 201 145
210 199 145
204 194 141
191 181 128
176 169 117
179 172 120
196 190 138
155 150 95
152 150 93
176 174 115
148 146 87
166 164 103
182 182 120
182 174 125
177 167 116
148 137 83
109 94 39
95 78 22
107 87 36
111 90 43
100 81 41
99 84 53
119 112 84
111 114 87
100 113 85
103 129 94
87 124 81
77 121 72
95 144 89
92 154 81
65 127 54
52 116 40
70 134 56
84 151 72
80 147 68
77 141 63
81 143 68
73 128 61
63 111 53
0 30 0
2 30 0
15 33 7
17 26 9
31 34 23
9 10 4
10 16 6
5 11 1
95 174 47
132 204 79
142 206 83
93 148 28
92 141 24
152 201 86
133 187 75
110 172 61
147 219 109
128 206 97
108 186 77
128 199 93
147 206 100
148 193 88
158 189 85
144 169 65
213 50 81
255 118 143
250 145 159
255 204 212
251 171 180
248 162 171
225 140 147
194 124 122
187 142 123
165 141 105
165 149 100
163 153 91
112 119 41
125 165 66
125 206 86
92 204 70
144 199 105
126 181 88
110 160 75
176 222 147
144 183 118
141 174 121
145 172 131
163 184 153
190 205 182
184 195 178
175 183 168
164 172 159
156 162 150
158 164 152
173 179 165
189 195 181
192 188 176
187 183 172
177 175 163
168 165 156
165 162 153
164 162 150
159 160 146
154 155 139
142 145 126
150 153 132
163 167 144
170 176 150
167 173 147
160 165 142
161 166 143
167 172 150
146 156 104
144 154 101
152 161 106
167 177 117
178 186 126
177 183 119
171 176 109
170 173 104
174 176 103
178 178 106
187 185 111
196 192 119
204 197 125
206 198 126
203 195 123
200 192 120
185 178 123
181 174 119
186 181 126
193 187 135
183 177 127
160 156 108
154 150 102
163 159 112
141 139 91
159 157 108
171 171 121
146 146 94
165 165 111
131 134 77
138 141 84
125 129 70
155 140 97
160 143 99
154 136 88
143 123 72
139 119 68
140 120 69
124 106 60
101 86 45
92 84 48
101 102 71
37 48 18
0 23 0
49 86 45
68 116 68
69 124 67
114 174 114
48 109 40
60 121 52
73 136 65
80 144 70
82 149 72
84 151 74
85 152 75
87 149 74
92 149 80
85 135 72
0 31 0
0 29 0
0 23 0
0 11 0
5 19 0
3 12 0
1 16 0
0 15 0
138 207 90
129 194 78
140 199 83
171 224 110
118 168 53
90 143 29
72 131 15
170 237 122
146 223 109
141 221 110
116 191 86
124 189 89
145 194 102
156 186 100
162 175 95
145 149 72
230 55 114
255 123 175
255 169 209
255 170 202
255 180 211
255 169 201
224 121 151
250 150 174
243 157 168
228 153 150
224 152 137
226 159 130
165 117 71
173 163 94
150 189 98
109 180 74
159 204 119
119 162 82
123 163 93
165 198 143
137 164 123
151 171 146
151 165 152
195 205 204
194 199 203
170 173 180
153 154 159
159 160 162
175 177 172
181 184 173
177 181 166
172 176 159
163 156 127
164 158 136
166 157 150
169 159 167
177 166 182
177 168 185
164 159 165
146 146 134
191 196 164
176 186 136
153 167 106
128 143 84
100 114 63
73 87 51
61 73 51
60 71 57
66 83 29
54 71 17
47 62 7
51 66 9
65 79 20
81 92 32
95 105 44
104 113 50
135 141 77
142 147 83
153 155 92
159 159 99
161 159 100
159 157 100
158 153 97
157 152 97
183 183 131
182 182 130
171 171 121
149 148 100
123 125 78
101 102 58
78 79 35
60 63 20
70 73 30
50 56 12
66 72 26
68 74 26
49 56 5
126 134 83
95 104 51
68 77 24
72 52 15
75 56 16
91 72 29
119 98 51
140 120 70
143 125 75
132 118 71
119 110 67
93 91 53
82 89 55
70 90 55
72 104 65
88 134 88
100 157 104
85 149 88
56 125 60
66 126 64
72 132 68
69 131 64
65 128 58
73 139 67
90 156 82
93 160 83
85 149 73
90 152 79
98 153 86
24 72 12
27 67 14
14 47 0
0 27 0
3 27 0
8 29 0
2 29 0
0 27 0
132 196 86
137 196 86
133 189 80
123 175 65
131 181 70
141 195 81
123 186 69
123 194 76
138 216 97
160 237 125
144 213 107
137 190 98
147 178 100
156 162 98
167 154 101
162 138 90
254 99 167
248 118 178
255 195 243
250 175 218
255 179 221
255 171 217
235 121 170
239 119 164
255 153 188
255 170 196
255 145 162
255 152 157
254 147 137
207 138 105
139 116 62
142 153 84
152 185 116
120 152 89
157 186 132
128 150 112
154 169 148
161 172 164
181 186 192
198 200 215
178 175 196
168 165 186
164 160 177
170 167 176
177 175 176
173 174 166
161 163 149
152 155 136
176 166 156
170 160 151
158 147 141
150 141 136
159 152 146
174 171 162
178 179 163
171 175 150
100 110 73
68 81 35
30 49 0
11 32 0
5 29 0
5 30 0
3 30 0
3 30 0
2 26 0
0 20 0
0 14 0
0 13 0
0 16 0
0 21 0
5 24 0
7 24 0
10 25 0
20 33 0
35 45 0
44 52 3
47 55 8
47 53 9
46 51 10
45 50 10
38 46 0
55 63 12
46 54 5
20 29 0
29 38 0
57 66 23
40 48 7
0 8 0
84 95 55
26 37 0
54 65 23
8 21 0
0 9 0
80 93 47
81 95 46
61 75 26
66 50 17
54 38 4
55 40 0
75 61 16
98 86 36
110 100 49
116 110 60
120 119 73
65 72 30
70 86 47
66 92 53
72 111 67
93 143 94
94 153 97
67 133 69
44 115 47
79 138 80
71 131 71
69 131 68
78 140 75
84 150 79
85 153 80
88 156 81
94 161 84
92 156 82
105 165 93
88 143 75
89 137 75
75 118 62
60 99 46
50 84 34
45 78 31
10 48 7
5 43 2
121 184 79
122 181 75
120 175 71
115 168 62
139 193 82
138 195 82
149 212 95
124 195 75
108 181 63
141 211 97
135 191 90
139 174 90
157 163 101
165 142 100
182 136 110
191 132 116
255 129 193
241 134 190
255 182 230
223 158 201
222 146 193
251 151 205
255 142 201
255 133 190
255 125 175
255 156 199
255 137 172
255 136 164
255 146 162
229 124 121
165 100 78
179 145 110
148 170 123
167 185 143
151 166 133
169 181 159
162 170 159
205 206 208
182 180 193
190 185 205
180 172 195
185 177 198
182 175 191
167 161 171
148 146 147
142 142 134
144 146 133
149 152 135
148 136 150
172 161 167
190 184 172
187 186 156
164 170 124
127 136 81
74 87 31
29 46 0
19 38 0
3 25 0
0 17 0
0 23 0
3 38 0
11 50 0
15 59 0
19 67 0
36 75 8
55 94 27
81 118 49
95 132 63
92 127 59
68 103 35
38 70 3
16 47 0
12 41 0
12 38 0
10 33 0
9 32 0
12 32 0
14 33 0
15 32 0
14 31 0
11 29 0
24 42 0
18 36 0
0 18 0
10 27 0
36 53 9
27 44 2
0 10 0
112 130 92
74 92 54
124 142 102
61 79 39
48 66 24
56 74 32
59 78 33
35 54 9
33 26 0
31 25 0
33 28 0
43 39 0
58 56 5
70 70 18
68 72 21
60 70 20
14 30 0
59 82 38
64 95 53
58 97 52
73 123 72
60 118 60
54 116 53
87 154 87
67 126 72
68 127 71
82 143 84
97 161 100
97 162 96
83 150 79
84 152 79
96 164 89
91 158 81
88 152 76
111 171 99
97 153 82
96 147 80
97 146 81
84 130 68
71 115 54
47 95 43
39 87 35
135 200 96
138 201 97
113 171 68
123 178 74
136 192 85
148 206 94
157 220 105
111 179 58
99 168 49
127 187 74
126 168 70
154 168 93
195 177 127
209 157 135
228 148 147
243 147 158
239 120 174
255 165 213
255 179 222
233 158 199
225 136 184
237 122 179
254 122 182
255 130 189
237 115 166
255 143 187
255 156 194
255 144 177
255 134 160
245 143 156
225 157 154
207 165 151
170 180 156
182 191 170
170 177 159
183 186 175
223 224 218
188 186 187
190 185 191
169 164 171
190 183 191
185 178 186
168 163 169
149 145 146
139 138 134
142 143 135
145 147 136
142 146 132
147 147 139
154 155 141
142 146 119
107 116 73
68 83 26
37 58 0
7 32 0
0 16 0
0 17 0
8 44 0
46 87 19
77 124 46
91 142 50
95 151 44
106 165 45
117 179 52
120 176 75
120 176 75
115 171 70
109 164 62
106 161 60
110 162 62
115 165 66
117 167 70
83 130 38
62 106 17
34 76 0
13 54 0
7 45 0
6 44 0
4 41 0
3 38 0
13 41 0
11 39 0
13 40 0
15 42 0
8 34 0
0 24 0
2 27 0
14 39 0
17 42 3
14 39 0
14 39 0
30 55 16
21 47 8
43 70 29
18 45 4
16 43 2
22 31 0
23 33 0
15 26 0
12 24 0
37 50 0
80 95 38
105 122 67
105 125 72
54 78 28
16 43 0
19 52 7
43 82 37
52 99 47
80 131 75
93 147 87
68 124 59
78 136 85
81 140 86
84 145 88
87 151 91
92 157 93
91 158 89
85 152 81
78 146 71
106 174 97
75 142 65
108 172 96
73 135 60
83 141 67
106 162 91
102 155 85
86 139 69
98 156 95
87 145 84
143 212 105
108 175 69
109 172 68
154 212 110
146 203 100
135 194 86
120 183 68
148 213 93
165 226 107
109 159 48
141 168 73
224 221 152
183 141 103
233 154 147
237 128 147
255 138 170
255 131 174
251 139 179
255 159 197
240 144 182
218 106 152
248 115 170
255 130 187
231 107 159
214 115 159
208 131 163
216 143 172
226 148 174
228 149 170
216 154 165
200 164 164
187 173 164
182 183 178
188 189 184
201 202 197
211 210 205
201 198 191
183 179 170
181 177 168
191 187 176
184 180 169
154 152 139
137 138 124
140 142 129
144 148 134
143 149 135
132 138 124
110 118 103
94 113 49
71 91 32
64 84 31
19 41 0
0 12 0
0 19 0
0 30 0
32 73 0
81 129 30
113 167 53
121 182 55
101 167 35
92 161 32
91 161 37
85 156 38
81 151 37
95 170 28
91 164 23
90 163 22
87 160 19
89 160 20
102 173 33
102 170 33
79 147 12
93 158 28
94 156 31
120 181 60
109 168 52
102 160 48
66 122 15
55 110 6
28 83 0
20 57 0
0 36 0
6 42 0
0 34 0
16 51 0
40 75 21
15 49 0
10 43 0
33 66 23
78 110 69
4 36 0
0 22 0
1 33 0
17 48 7
13 44 3
7 38 0
7 34 1
3 31 0
12 41 0
7 35 0
21 50 0
100 130 68
99 130 70
95 126 67
88 121 68
83 117 67
0 26 0
29 67 20
40 79 32
27 70 17
98 141 85
81 126 67
79 139 88
83 143 91
87 147 93
86 149 92
83 149 87
83 150 83
87 154 85
88 158 85
84 152 77
77 145 68
73 140 63
76 140 62
83 145 68
89 151 74
91 152 75
90 151 74
85 150 82
85 150 82
95 169 56
148 220 110
99 164 60
119 179 79
125 183 81
121 179 76
100 159 49
134 195 78
156 211 92
143 185 73
149 169 74
139 124 57
214 160 126
229 135 135
240 116 144
255 138 182
255 140 172
255 134 163
255 151 178
255 145 174
229 103 141
232 92 139
240 104 152
206 100 140
212 146 174
195 162 179
194 174 185
202 179 189
209 182 191
203 187 190
188 193 189
176 198 186
206 203 214
201 198 205
182 177 181
164 160 157
182 178 167
208 205 186
193 191 166
155 154 124
145 146 114
158 162 129
167 172 140
143 152 121
108 118 91
93 105 81
83 96 76
61 76 57
24 59 0
0 29 0
0 23 0
0 21 0
15 53 0
71 113 49
105 152 74
144 198 102
111 172 53
110 178 39
85 160 8
64 141 0
74 154 5
95 176 37
108 189 60
116 196 75
89 177 7
90 176 7
95 181 12
93 179 10
90 175 9
103 186 20
104 186 23
88 168 7
74 154 0
78 154 2
102 178 30
87 160 17
79 151 13
67 139 5
96 166 34
101 171 39
102 149 69
69 116 36
60 106 31
72 115 44
91 133 67
104 146 83
104 145 87
119 159 106
93 133 83
107 146 101
92 129 86
53 90 47
42 79 38
54 91 50
0 25 0
0 27 0
5 49 13
0 18 0
0 42 0
17 62 5
68 114 50
53 98 31
98 143 76
110 152 89
99 138 81
88 126 75
72 110 63
0 30 0
63 99 53
71 107 59
19 53 2
98 133 79
82 142 90
82 145 92
83 146 91
83 146 89
82 148 87
84 150 86
86 153 86
89 156 85
75 143 70
76 144 69
77 145 68
80 147 70
82 149 70
86 150 72
88 152 74
89 153 75
88 158 85
88 158 85
107 186 67
106 180 65
151 218 112
139 201 100
99 156 59
137 193 92
125 182 75
122 180 67
141 194 76
129 169 57
114 130 32
156 139 69
190 134 99
240 144 145
224 97 126
253 107 152
255 140 156
239 124 139
243 141 154
254 151 168
237 120 146
232 107 139
243 128 161
233 150 176
199 166 177
180 181 183
178 194 191
190 202 200
202 206 207
202 211 208
191 217 208
181 219 206
182 175 191
184 178 190
200 195 201
208 205 200
179 177 162
143 143 117
149 150 116
181 187 143
185 193 144
121 131 81
82 96 47
81 99 51
61 79 37
18 40 1
0 16 0
0 11 0
0 39 0
0 35 0
18 68 0
59 112 8
104 161 48
126 185 67
104 168 46
93 159 36
72 142 18
81 153 27
79 154 25
80 160 25
95 178 36
97 183 32
87 174 17
82 170 8
64 153 0
67 156 0
76 165 0
75 164 0
69 158 0
79 166 0
84 171 6
74 159 0
78 162 2
69 153 0
83 164 10
80 160 11
86 165 20
87 164 24
102 179 41
96 172 37
83 139 42
95 150 56
96 151 60
95 147 62
71 122 43
53 104 29
78 128 59
103 151 89
71 116 59
123 167 114
81 125 76
110 152 106
108 149 105
79 120 78
80 121 79
35 76 34
19 74 34
48 104 59
19 76 25
71 127 66
61 118 50
87 143 72
97 153 82
94 146 80
55 103 43
54 98 45
94 133 86
65 102 58
0 16 0
68 99 55
103 135 86
93 123 73
84 147 92
82 145 90
80 145 87
80 145 87
83 149 88
84 150 88
85 151 87
84 151 82
73 140 69
80 147 76
87 155 82
90 156 82
87 153 79
85 152 75
86 153 76
88 155 78
78 149 73
78 149 73
104 185 57
149 224 105
129 197 86
124 186 85
149 204 110
113 169 72
144 201 98
142 200 88
109 164 47
115 158 43
149 171 70
164 155 78
161 114 72
190 107 99
224 111 131
228 98 136
228 129 132
211 125 126
221 150 148
239 169 169
232 153 159
230 139 154
240 157 173
233 182 189
186 176 174
170 192 180
173 201 187
185 202 194
193 199 195
194 200 196
184 205 196
177 211 197
201 195 207
182 177 184
160 156 157
157 154 147
176 177 159
190 193 164
170 176 138
137 146 99
64 77 24
62 80 22
48 69 10
11 37 0
0 16 0
0 25 0
6 41 0
0 34 0
16 72 0
55 112 15
105 165 51
118 184 52
101 169 22
84 155 1
85 158 7
104 177 36
81 153 27
91 164 47
92 166 53
89 167 47
90 170 35
80 165 12
74 162 0
80 171 0
83 169 18
82 168 17
87 173 22
88 172 22
83 167 17
92 176 26
99 183 33
91 173 26
88 170 24
74 156 12
79 157 19
83 161 25
86 163 31
83 160 30
77 154 26
58 132 7
81 144 30
99 161 50
73 135 28
65 126 23
63 122 28
62 118 31
70 125 44
36 89 17
118 169 103
102 152 93
77 126 71
62 109 57
68 114 67
97 143 97
108 154 108
114 160 114
59 117 76
98 157 111
93 153 99
64 126 63
85 148 78
96 160 86
106 168 93
59 119 49
83 139 76
72 123 67
92 140 92
110 153 108
84 123 79
0 31 0
75 108 63
101 133 86
83 148 90
81 146 88
80 146 85
82 148 87
85 151 90
85 151 89
81 147 83
76 142 78
76 141 75
81 146 78
87 152 84
88 154 83
84 150 79
81 147 75
81 147 75
83 149 77
85 156 80
85 156 80
124 204 71
129 203 78
136 203 90
110 168 66
119 174 81
146 199 107
107 163 64
141 200 90
93 152 34
183 234 115
165 199 89
162 170 84
60 33 0
122 61 40
145 55 64
205 101 126
211 137 134
207 150 143
210 174 162
209 183 170
203 170 161
203 159 156
202 161 159
188 168 161
169 175 161
176 201 182
202 223 206
224 227 216
225 214 208
203 194 187
173 179 167
151 172 155
165 164 162
190 189 187
208 207 202
198 198 188
167 170 153
126 131 108
77 86 55
40 52 12
23 41 0
0 14 0
0 17 0
1 37 0
0 26 0
0 30 0
44 91 11
113 162 80
109 178 51
91 160 31
75 145 13
86 156 23
105 175 40
111 183 47
111 183 45
103 175 37
111 185 48
116 190 53
104 181 41
94 171 31
91 168 26
86 164 19
86 166 19
99 179 30
95 172 42
85 162 32
84 161 29
84 161 29
82 160 25
92 170 35
99 175 41
91 167 33
84 160 28
81 156 27
85 157 31
83 155 30
65 136 16
69 140 22
78 148 32
81 151 35
72 141 12
85 154 27
58 126 3
57 124 8
69 133 23
81 143 42
103 164 71
80 138 54
95 151 76
92 145 77
89 141 79
81 132 75
92 140 88
97 145 95
86 134 86
71 119 71
89 144 104
80 137 92
89 148 94
71 133 70
96 162 90
90 158 81
68 136 59
67 133 61
47 112 46
96 155 97
75 132 81
71 123 77
78 125 81
72 115 72
0 17 0
33 72 27
79 148 85
79 148 85
80 149 86
83 152 89
87 153 91
84 150 88
77 141 80
70 134 73
73 137 76
76 138 75
77 139 76
78 140 75
80 142 77
79 144 78
80 145 77
80 145 77
88 156 81
88 156 81
111 188 48
150 223 92
121 186 70
175 231 130
112 163 71
150 203 113
139 194 100
90 152 45
97 162 44
91 153 30
137 186 69
130 157 60
119 116 49
106 73 38
210 151 143
242 169 178
231 167 168
221 180 174
195 186 171
171 179 158
170 178 157
189 187 172
203 197 183
200 203 186
223 241 219
211 230 208
201 208 190
198 182 169
196 166 158
196 172 160
198 193 174
198 212 187
198 201 184
160 162 148
128 130 116
111 115 101
78 82 68
28 35 19
2 14 0
6 20 0
6 26 0
0 25 0
0 22 0
0 29 0
22 70 0
84 138 40
113 172 66
96 155 45
97 174 6
110 186 28
110 183 40
119 190 62
109 178 62
90 158 47
96 165 48
94 165 35
94 166 20
101 175 16
95 170 5
92 167 6
101 173 25
99 169 36
84 152 33
77 143 35
87 157 32
74 144 19
71 142 14
73 142 15
71 140 11
79 149 17
85 155 23
78 148 16
87 157 25
83 153 21
82 149 20
91 157 31
77 143 19
91 157 34
94 159 39
94 159 39
77 152 8
90 165 23
100 172 36
111 182 52
96 166 44
80 147 34
112 177 75
149 210 117
85 144 62
115 171 96
63 118 51
64 116 54
84 135 78
66 116 63
112 162 111
85 133 83
100 148 110
82 134 88
68 122 70
91 150 86
88 151 80
103 172 92
41 112 32
79 151 75
87 158 90
39 107 46
90 155 101
80 139 91
112 168 123
81 134 90
49 101 55
84 133 88
77 148 80
79 150 84
82 153 87
85 154 89
86 152 90
80 146 84
73 137 77
69 130 71
76 137 78
75 136 77
75 136 77
78 139 80
82 143 83
87 148 88
90 151 91
92 153 93
84 150 76
84 150 76
92 167 23
147 217 84
140 201 84
145 200 99
144 193 104
165 215 128
93 150 56
129 195 89
161 232 112
110 182 54
109 173 50
177 223 115
155 174 95
170 162 113
219 187 166
216 171 165
247 177 188
231 189 191
194 192 180
167 192 171
172 206 182
193 218 196
206 225 205
212 231 209
168 191 165
172 188 162
183 178 158
193 164 150
188 148 136
161 132 114
122 118 91
91 111 74
63 70 39
69 75 47
51 56 34
16 23 7
8 16 5
21 31 23
16 27 19
0 7 0
0 9 0
0 27 0
42 79 25
89 135 60
107 162 68
111 174 60
110 176 52
101 171 39
95 173 12
98 175 19
84 160 12
103 175 37
110 181 49
98 167 40
103 172 43
90 157 25
91 159 20
101 168 26
90 158 13
77 142 0
85 149 13
93 155 30
89 150 31
86 144 32
110 173 40
102 166 30
105 169 33
108 172 34
102 166 26
105 170 28
111 176 32
108 173 29
98 163 19
92 157 13
88 151 10
109 172 31
99 162 22
113 175 38
96 158 23
83 145 10
89 168 14
66 142 0
72 147 2
87 161 22
87 160 29
74 143 24
69 137 28
97 162 62
67 127 39
89 148 68
112 168 97
61 116 51
82 136 76
89 140 84
68 118 65
82 132 81
101 141 104
91 134 91
94 142 90
67 121 59
113 175 102
77 144 65
67 138 58
70 144 67
52 127 58
103 177 114
69 139 85
64 132 83
58 124 78
79 142 97
89 151 104
88 147 101
79 152 81
81 154 83
83 154 86
83 152 87
80 146 82
76 140 79
72 136 76
72 133 76
78 137 81
82 141 85
85 144 88
85 144 88
84 143 87
86 145 89
92 151 95
97 156 100
95 161 87
95 161 87
108 180 36
92 160 25
108 167 49
110 162 61
114 163 74
86 136 51
132 189 95
157 224 118
83 159 37
139 219 88
91 161 36
106 160 49
144 176 91
209 214 158
214 197 169
214 185 171
237 158 179
229 182 192
208 205 198
196 229 210
198 242 217
186 226 200
169 199 175
161 189 164
151 175 149
135 148 122
117 106 86
107 71 55
93 50 34
64 36 14
20 24 0
0 16 0
9 20 0
2 12 0
2 11 0
6 13 0
1 8 0
0 3 0
0 7 7
5 21 18
58 80 67
87 118 87
114 154 102
108 156 80
96 154 54
111 176 56
120 192 56
107 181 36
90 162 34
95 168 34
78 153 8
95 171 13
98 175 11
86 161 0
101 172 16
90 159 16
90 155 27
123 183 70
129 186 81
109 166 61
102 159 46
102 160 37
99 160 23
99 158 16
102 164 19
100 162 17
110 172 25
114 177 28
103 166 15
102 165 12
110 174 18
110 174 17
97 161 4
104 168 11
104 168 12
117 181 25
86 149 0
98 158 8
94 154 4
99 159 9
106 186 25
87 167 10
98 177 24
80 155 11
71 144 10
83 155 30
88 156 43
127 192 90
30 93 2
103 162 80
89 147 73
59 114 47
84 138 76
64 115 58
93 144 88
92 142 89
83 119 83
99 137 96
59 103 52
91 143 79
99 159 87
68 135 56
56 127 47
76 150 73
70 147 77
71 147 85
59 134 78
73 147 96
76 145 98
62 130 83
90 156 110
66 132 84
81 154 81
83 156 85
83 154 84
80 149 82
75 141 77
72 136 75
74 135 76
76 137 80
75 134 80
83 142 88
89 148 94
86 145 91
78 137 83
74 133 79
80 139 85
87 146 92
92 155 84
92 155 84
138 195 127
97 155 81
146 208 122
141 208 105
161 230 111
140 211 79
96 167 25
138 206 61
177 238 99
135 185 60
165 202 97
141 166 85
189 200 144
223 222 191
198 189 174
199 184 179
224 209 202
199 182 174
246 224 211
242 217 197
214 183 162
204 169 147
198 159 142
104 64 54
77 39 36
60 28 31
19 0 0
24 9 16
24 17 24
4 8 9
14 25 21
0 15 8
8 29 32
0 13 5
0 29 0
8 46 0
0 23 0
0 41 0
15 74 0
106 170 48
114 178 56
87 153 30
91 155 32
112 177 49
95 159 23
119 183 37
92 156 0
110 174 15
95 151 28
87 143 18
134 191 62
121 181 49
108 171 31
115 180 38
101 169 22
119 189 39
101 174 23
112 187 35
89 165 15
107 185 37
95 173 28
107 186 43
107 186 45
102 183 44
105 177 29
103 177 28
98 172 23
88 162 13
86 160 11
93 167 18
89 165 15
75 151 1
77 153 3
76 155 4
85 164 13
97 176 25
101 181 30
96 176 25
89 169 18
86 166 15
54 124 0
96 166 42
75 144 25
131 200 84
66 134 23
157 224 119
90 156 58
87 152 62
38 102 18
86 148 73
107 168 99
68 128 66
79 138 80
72 131 77
81 139 89
78 136 86
84 146 83
69 130 70
58 119 59
75 136 76
115 176 116
72 133 73
76 137 78
88 149 90
76 137 78
73 134 77
70 131 74
71 132 75
75 135 81
80 140 86
84 144 90
85 145 91
81 146 90
90 155 99
91 156 98
79 145 84
73 139 78
79 145 83
85 151 87
84 150 86
83 149 85
75 141 77
72 138 74
77 143 79
79 145 83
78 144 82
82 148 86
90 156 94
88 156 69
88 156 69
97 155 79
147 206 126
154 217 126
115 180 78
127 196 80
149 218 93
155 222 91
89 152 21
122 178 53
115 164 49
127 163 67
186 208 133
207 217 164
171 171 135
202 194 173
228 216 202
200 188 174
248 235 218
217 201 178
198 177 150
204 179 148
118 89 57
34 0 0
70 38 15
24 0 0
42 15 4
43 24 17
40 31 24
23 25 14
3 14 0
0 17 0
0 10 0
0 10 0
11 40 10
0 15 0
5 46 0
26 75 0
55 111 2
97 158 39
67 131 9
70 136 13
77 142 22
124 190 67
104 169 41
104 168 32
103 167 19
116 182 24
130 195 31
99 158 32
109 168 42
129 188 59
134 196 61
121 184 44
108 173 29
106 174 27
102 172 22
104 177 25
114 189 37
93 169 19
106 184 36
92 170 25
92 171 28
87 166 25
79 157 19
112 185 34
93 167 18
100 174 25
105 179 30
97 171 22
107 181 32
111 187 37
86 162 12
117 193 45
97 175 27
81 159 11
80 158 10
83 163 14
82 162 13
75 155 8
70 150 3
77 147 25
100 169 50
83 152 35
122 190 77
75 143 34
127 194 91
65 131 34
65 130 40
48 111 30
86 148 73
95 156 87
79 139 77
66 125 67
75 134 80
78 136 85
81 139 89
87 149 86
75 136 76
65 126 66
80 141 81
109 170 110
63 124 64
63 124 65
73 134 75
80 141 82
79 140 83
78 139 82
79 140 83
82 142 88
85 145 91
87 147 93
88 148 94
85 150 94
83 148 92
77 142 84
70 135 77
70 136 75
75 141 80
78 144 82
76 142 80
78 144 80
77 143 79
80 146 84
86 152 90
85 151 89
84 150 89
90 156 95
100 166 105
93 156 99
89 152 95
132 192 102
82 143 50
119 183 86
110 175 71
114 180 70
109 173 61
90 153 39
97 155 43
106 157 52
138 179 85
185 216 136
196 217 150
197 207 154
220 221 181
204 199 169
213 203 178
205 200 171
204 198 166
200 192 155
168 155 113
58 41 0
51 31 0
50 28 0
27 6 0
48 28 0
40 25 0
30 24 0
2 6 0
0 12 0
15 38 0
12 41 0
10 42 0
43 77 17
40 77 10
60 101 22
70 117 21
96 148 40
106 163 46
105 166 45
102 166 44
87 152 34
89 157 38
116 184 63
86 152 26
110 177 38
117 186 35
123 191 28
103 172 3
106 167 40
124 185 56
101 164 33
115 179 43
103 170 29
93 161 16
118 188 38
109 182 30
92 165 13
102 177 24
89 165 13
108 184 36
99 177 31
99 176 34
96 175 34
89 168 27
104 177 26
87 162 10
107 181 32
115 189 40
86 160 11
85 159 12
100 176 28
86 162 14
77 152 7
83 161 15
92 170 25
91 169 24
79 158 15
72 151 8
81 160 17
96 175 32
80 149 33
81 150 34
74 142 31
88 156 47
85 152 47
105 171 73
71 136 44
82 146 60
69 132 53
88 150 75
88 149 80
95 155 93
59 118 60
76 135 81
74 132 81
80 138 87
77 139 76
70 131 71
66 127 67
85 146 86
102 163 103
61 122 62
63 124 65
73 134 75
76 137 78
78 139 82
80 141 84
81 142 85
82 142 88
83 143 89
86 146 92
88 148 94
95 160 104
80 145 89
68 133 77
69 134 76
75 140 82
77 143 82
76 142 81
76 142 81
70 136 75
74 140 79
80 146 85
84 150 89
81 146 88
79 144 86
86 151 93
96 161 105
72 133 92
68 129 88
154 218 108
94 157 50
176 239 132
179 242 137
178 241 137
172 232 132
120 177 82
122 172 83
138 181 99
147 183 109
190 217 150
196 214 156
186 196 144
222 225 180
189 186 145
216 211 173
187 193 149
190 193 146
101 101 49
19 17 0
11 6 0
59 52 0
74 67 0
96 88 23
64 60 0
50 51 0
69 79 18
71 90 26
91 121 51
117 155 78
96 139 59
93 141 55
139 181 79
97 143 35
138 187 72
133 184 63
136 192 65
106 167 37
93 158 30
137 203 79
92 160 41
122 189 73
124 193 74
104 173 44
84 155 13
100 171 17
100 173 6
108 182 7
79 144 14
117 182 52
110 176 42
138 206 67
130 199 56
112 182 34
103 176 25
84 157 5
95 170 17
100 175 22
88 164 12
102 178 28
101 179 33
96 174 29
103 180 38
99 176 36
118 191 40
88 162 13
79 153 4
93 167 18
102 176 29
100 174 29
88 163 18
73 148 4
95 170 28
77 154 14
69 146 6
84 161 23
103 181 45
105 183 47
89 167 31
73 151 15
104 171 65
89 156 50
83 150 45
53 120 17
74 140 42
75 140 46
69 133 46
77 141 57
87 149 72
84 146 73
91 152 85
102 162 100
68 128 68
72 131 75
74 133 79
72 131 77
73 135 72
69 130 70
67 128 68
91 152 92
95 156 96
63 124 64
69 130 71
79 140 81
75 136 77
77 138 81
80 141 84
81 142 85
82 142 88
84 144 90
88 148 94
92 152 98
92 157 101
76 141 85
66 131 75
74 139 83
81 146 90
78 143 87
76 141 83
79 144 86
77 142 86
79 144 88
81 146 90
82 147 91
81 146 90
81 146 92
85 150 96
90 155 101
76 140 80
78 142 82
123 192 67
100 168 45
107 172 54
100 164 54
106 166 66
121 176 85
155 204 122
124 167 95
134 171 104
194 224 164
171 194 138
190 207 155
185 195 145
208 212 162
226 225 177
186 184 136
123 136 82
31 45 0
6 17 0
23 33 0
54 61 0
72 80 0
100 106 18
80 88 2
153 165 79
125 143 57
132 158 69
119 154 62
111 155 57
109 162 54
95 153 40
118 182 62
142 193 56
145 198 58
121 176 33
119 176 33
133 195 50
105 170 28
134 200 64
103 172 43
96 166 42
115 184 65
111 183 58
106 177 45
104 177 34
94 170 12
96 173 5
109 188 11
123 193 61
137 207 74
112 182 47
109 182 41
97 171 26
111 185 36
99 174 22
112 187 32
118 193 38
111 188 32
93 170 16
92 168 18
90 166 18
75 150 6
86 161 19
82 156 17
100 172 24
109 183 34
98 172 23
96 170 23
110 184 39
98 171 28
90 165 23
118 192 53
83 157 20
84 160 25
90 166 32
92 168 36
87 164 34
86 163 35
96 173 45
110 186 60
100 166 68
84 150 52
87 153 56
35 100 6
60 125 35
62 126 39
74 138 54
68 131 52
85 147 72
70 131 61
91 152 85
93 153 91
85 145 85
66 125 67
75 134 78
64 123 67
83 145 82
78 139 79
73 134 74
98 159 99
86 147 87
63 124 64
71 132 73
80 141 82
78 139 80
79 140 83
80 141 84
82 143 86
86 146 92
91 151 97
97 157 103
101 161 107
79 142 87
70 133 78
69 132 79
78 141 88
82 145 92
76 139 86
75 138 85
80 143 90
91 154 101
89 151 100
85 147 96
85 147 96
90 152 101
95 157 106
97 159 108
95 157 106
89 156 79
91 158 81
144 215 77
108 178 45
145 211 87
152 215 100
163 220 117
153 203 114
146 190 113
145 182 115
149 180 121
208 232 180
199 217 167
192 206 157
204 212 163
223 230 179
176 178 128
68 71 18
0 14 0
0 14 0
23 43 0
74 93 12
165 186 95
145 165 68
142 162 63
173 195 94
130 156 55
111 144 40
124 166 58
145 194 79
145 203 82
123 189 57
97 170 29
105 180 36
123 178 24
128 185 30
118 178 22
106 167 12
119 182 29
126 192 43
131 198 56
104 174 39
111 182 52
97 169 41
99 172 41
86 160 23
147 225 79
94 174 17
102 183 18
90 169 0
93 166 33
122 195 61
104 178 41
109 184 42
98 173 28
112 188 38
82 159 5
96 173 17
117 194 38
106 183 27
91 168 14
88 164 14
94 170 22
75 150 6
92 167 25
90 165 23
90 162 16
119 193 46
115 189 42
100 174 29
98 171 28
82 154 16
86 160 23
127 200 66
92 165 34
74 149 20
68 142 17
86 160 37
108 184 62
113 188 69
100 175 57
85 160 42
74 139 49
62 126 39
83 147 60
45 109 23
53 117 33
65 128 47
80 142 65
63 125 50
70 131 61
58 119 50
82 143 76
80 140 78
93 153 93
68 128 68
73 132 74
60 119 61
80 142 79
76 137 77
71 132 72
101 162 102
81 142 82
69 130 70
79 140 81
85 146 87
76 137 78
75 136 79
75 136 79
79 140 83
86 146 92
92 152 98
95 155 101
95 155 101
73 136 83
73 136 83
78 141 88
83 146 93
83 145 94
79 141 90
78 140 91
81 143 94
81 143 94
79 141 92
76 138 89
78 140 91
87 149 100
96 158 109
95 157 108
89 151 102
82 148 77
80 146 75
145 218 75
105 176 38
156 223 92
106 167 46
121 174 66
152 199 103
116 155 72
140 172 99
193 219 156
161 180 124
192 206 155
210 222 172
207 215 166
136 142 94
43 49 1
16 19 0
63 91 32
158 184 121
152 179 108
115 142 63
162 191 101
159 189 93
127 160 56
147 182 78
153 192 85
137 180 72
117 170 54
130 190 66
135 202 70
120 195 51
119 199 48
114 198 42
136 191 45
117 173 24
143 202 52
130 190 40
119 182 31
136 202 52
105 173 26
135 204 61
99 172 31
110 184 45
121 195 56
90 168 23
133 211 63
63 144 0
96 177 20
105 187 25
86 164 29
131 207 72
76 153 15
89 166 24
78 156 10
93 172 21
94 173 19
111 188 32
106 183 27
97 174 18
94 171 17
97 171 22
113 187 40
90 163 20
110 183 42
107 180 39
117 189 45
98 172 27
91 164 21
90 163 22
91 163 25
100 172 38
96 169 36
76 148 20
81 153 28
91 165 44
105 178 61
107 180 65
91 165 52
72 146 35
65 138 30
68 141 33
85 148 69
62 125 46
86 149 70
74 136 59
44 106 29
57 119 44
67 129 56
53 114 44
63 124 55
66 127 60
71 131 67
77 137 73
91 151 89
79 139 79
65 125 65
60 120 60
71 133 70
68 129 69
65 126 66
103 164 104
78 139 79
73 134 74
82 143 84
84 145 86
72 133 74
70 131 74
71 132 75
78 139 82
87 147 93
91 151 97
86 146 92
80 140 86
77 140 87
82 145 92
83 146 93
81 143 92
81 143 92
83 145 96
82 144 97
78 140 93
68 130 83
72 134 87
75 137 90
77 139 92
84 146 99
90 152 105
88 150 101
79 141 92
86 150 90
84 148 88
115 188 47
90 161 23
90 156 24
89 150 23
111 164 46
94 137 30
105 141 45
132 160 75
180 202 127
200 217 149
199 210 152
209 219 167
157 165 118
31 38 0
49 56 15
52 58 20
34 62 14
107 136 82
136 166 106
139 170 100
140 173 92
189 225 137
136 175 82
46 88 0
38 85 0
79 130 25
96 154 42
123 187 67
115 186 56
89 166 24
98 181 31
87 172 16
144 194 73
158 210 86
128 180 53
146 202 69
128 187 47
127 191 45
131 197 48
121 190 39
114 187 35
124 199 47
91 167 15
81 160 9
114 194 45
86 166 17
97 179 32
104 186 39
80 158 23
155 233 97
87 165 27
125 204 61
111 189 43
98 177 26
104 183 30
96 173 19
114 191 35
106 183 29
107 182 30
108 182 33
121 195 48
87 160 17
101 172 32
92 163 25
90 161 21
86 159 18
128 200 62
124 196 60
63 134 2
74 145 15
116 188 62
99 170 48
79 150 32
79 152 37
83 155 45
84 155 49
78 151 46
72 144 42
75 147 47
83 155 56
78 140 67
43 105 32
71 133 60
89 150 80
43 104 34
67 128 59
86 147 78
85 146 77
66 127 60
82 143 76
66 126 62
82 142 78
85 145 83
89 149 87
57 117 55
61 121 59
75 137 74
71 132 72
67 128 68
106 167 107
74 135 75
68 129 69
72 133 74
67 128 69
75 136 77
73 134 77
75 136 79
84 145 88
95 155 101
95 155 101
84 144 90
73 133 79
80 140 86
84 144 92
82 142 90
74 134 83
75 134 86
82 141 95
80 139 93
71 130 86
75 134 90
86 145 101
94 153 109
95 154 108
96 155 107
98 157 109
93 153 102
84 144 93
86 154 71
89 157 74
93 167 30
112 184 48
72 138 4
115 174 45
149 200 73
132 173 53
116 148 37
140 165 63
198 215 123
197 210 131
197 206 139
201 208 154
7 14 0
40 47 13
91 97 69
41 49 25
33 60 27
41 69 29
14 43 0
39 72 15
123 158 92
119 157 84
49 90 11
25 70 0
41 89 3
45 98 8
42 99 2
117 180 75
117 186 69
101 173 45
114 191 53
108 187 44
133 177 92
124 168 79
90 135 40
91 140 33
165 218 100
131 188 57
144 206 63
140 205 53
117 187 29
103 175 15
106 182 22
120 197 41
124 202 54
71 150 7
114 195 58
91 171 38
89 166 34
114 192 57
96 174 38
129 206 66
109 187 42
84 162 14
116 192 40
125 202 48
112 189 35
110 185 32
89 164 12
124 198 51
75 147 3
81 152 12
106 177 39
74 145 7
117 187 52
91 163 29
113 184 52
74 145 15
74 145 17
78 148 24
79 150 30
79 149 33
85 155 43
83 154 48
78 149 47
70 140 41
60 131 35
57 128 34
61 132 40
66 137 45
76 137 70
58 119 52
51 112 45
74 135 68
48 109 42
63 124 57
68 128 64
75 135 71
58 118 54
79 139 75
69 129 65
71 131 67
67 127 63
101 161 97
82 142 80
59 119 57
56 118 55
76 137 77
68 129 69
109 170 110
64 125 65
70 131 71
67 128 69
75 136 77
63 124 65
91 152 95
70 131 74
79 140 83
88 148 94
96 156 102
65 125 71
78 138 84
87 147 93
82 142 90
76 136 84
75 135 84
78 137 89
81 140 94
80 139 95
78 137 93
90 149 105
96 155 109
88 147 101
96 155 107
92 152 101
100 160 108
74 134 80
108 169 112
92 167 38
76 151 22
133 206 73
120 192 58
119 185 51
116 173 40
120 167 35
138 175 46
106 134 13
194 214 101
177 189 89
180 188 102
220 226 156
70 75 19
47 54 13
33 39 13
56 65 46
61 69 56
36 61 40
55 81 56
35 64 33
24 55 14
45 79 29
35 73 16
20 60 0
40 85 20
24 70 5
43 93 22
21 73 0
41 99 14
79 141 44
148 211 104
148 215 99
96 164 43
156 189 142
25 59 8
54 90 28
51 92 16
13 58 0
42 90 0
154 209 81
136 195 51
121 185 29
112 180 17
121 193 31
96 172 14
111 187 39
113 190 52
129 206 78
101 180 55
104 179 50
98 171 40
100 173 40
70 144 7
115 190 48
63 138 0
129 205 55
107 182 30
97 172 20
84 159 7
103 177 28
92 164 20
89 160 18
123 194 56
122 192 57
83 153 18
98 167 38
99 170 42
89 159 34
83 153 29
68 138 16
74 143 26
80 150 36
72 141 32
73 142 36
66 136 37
62 132 36
63 132 39
67 137 48
71 141 53
72 142 56
70 140 54
68 128 66
53 113 51
58 118 56
63 123 61
61 121 59
53 113 51
59 119 57
61 121 57
62 122 58
69 129 65
66 126 62
70 130 66
67 127 63
79 139 75
75 135 71
73 133 69
54 116 53
65 126 66
64 125 65
110 171 111
62 123 63
62 123 63
63 124 65
68 129 70
73 134 75
75 136 79
82 143 86
74 135 78
101 161 107
74 134 80
71 131 77
79 139 85
80 140 86
80 140 86
79 139 87
78 138 87
78 137 89
80 139 93
83 142 96
86 145 101
87 146 100
86 145 97
96 156 105
90 150 96
101 162 105
91 152 92
80 142 79
108 170 107
102 181 30
79 158 7
103 179 45
96 168 34
100 163 30
102 158 23
156 199 66
126 159 29
149 170 49
172 186 73
193 199 99
230 234 149
148 150 84
4 6 0
22 28 0
14 22 1
28 38 29
25 36 32
27 47 38
37 59 46
31 54 34
21 47 20
20 50 16
14 49 7
15 52 8
30 69 24
27 69 23
31 73 25
19 64 9
23 69 7
44 91 19
101 150 68
101 152 60
110 161 66
149 174 152
6 32 5
56 83 48
64 93 45
25 60 0
32 72 0
137 183 75
190 241 114
184 242 96
131 195 39
128 195 37
94 165 9
105 177 31
112 186 49
97 172 45
110 186 64
80 149 24
138 207 80
109 178 49
98 168 35
77 148 10
117 188 46
130 202 58
94 166 20
126 198 50
107 179 33
104 176 30
105 176 34
118 189 49
79 149 14
105 175 42
78 148 16
76 144 23
100 170 48
63 132 13
79 148 31
55 123 10
61 129 18
71 140 33
58 126 23
56 124 25
54 124 28
55 124 33
56 124 37
58 128 42
61 130 49
63 132 51
65 134 54
86 146 86
66 126 66
56 116 56
32 92 32
54 114 52
41 101 39
66 126 64
83 143 81
69 129 67
61 121 57
68 128 64
71 131 67
74 134 70
63 123 59
77 137 73
94 154 90
51 113 50
48 109 49
55 116 56
109 170 110
65 126 66
62 123 63
70 131 72
72 133 74
79 140 81
68 129 72
84 145 88
83 144 87
94 154 100
63 123 69
72 132 78
82 142 88
74 133 77
78 137 83
81 139 88
80 138 88
79 137 89
80 138 90
87 144 99
93 150 105
94 152 104
85 143 92
106 165 109
87 147 87
104 164 100
78 139 70
74 135 65
91 153 80
122 199 61
92 169 31
106 183 45
138 210 74
125 189 53
113 166 34
112 153 25
94 122 3
166 183 71
191 197 97
214 214 128
186 183 112
45 42 0
31 29 0
11 15 0
22 30 15
13 24 18
9 21 21
15 30 27
9 26 20
10 30 18
19 42 22
25 51 26
28 57 27
25 56 25
13 46 15
35 68 39
18 53 21
30 64 31
37 72 30
25 59 9
24 58 0
18 53 0
118 154 82
120 138 126
31 49 35
38 57 38
42 65 37
49 74 34
0 21 0
59 92 13
176 217 115
151 199 77
113 167 29
124 184 36
116 180 31
124 192 47
108 179 41
77 150 19
90 162 37
119 183 63
111 175 53
94 159 33
127 192 64
117 183 51
86 154 17
90 159 17
100 169 26
127 196 53
76 145 2
134 205 63
98 169 29
102 172 37
93 163 30
76 146 14
134 203 74
89 156 41
107 175 62
79 147 34
76 144 33
62 129 23
67 134 29
70 138 37
64 131 34
64 131 38
70 139 50
75 143 56
69 137 54
56 125 44
52 121 41
61 129 52
71 139 64
60 120 60
63 123 63
61 121 61
52 112 52
73 133 73
55 115 53
53 113 51
65 125 63
67 127 65
57 117 53
71 131 67
66 126 62
77 137 73
58 118 54
80 140 76
95 155 91
69 131 68
48 109 49
52 113 53
106 167 107
70 131 71
62 123 63
73 134 75
71 132 73
75 136 77
76 137 80
76 137 80
96 157 100
67 127 73
72 132 78
68 128 74
81 141 87
72 131 75
75 134 78
77 136 82
78 136 85
79 137 87
82 140 92
87 145 97
91 149 99
98 156 105
88 147 91
105 165 103
94 155 88
104 166 93
90 153 74
78 141 60
84 148 64
111 186 59
80 155 28
107 187 40
116 189 46
120 184 46
135 186 59
115 150 34
196 217 114
141 150 59
136 134 59
144 136 74
38 28 0
10 2 0
20 16 0
30 31 15
20 28 17
0 5 0
15 31 28
13 23 22
7 18 12
13 26 16
12 29 13
0 21 0
5 29 5
18 43 21
15 43 21
24 51 32
17 41 25
25 48 30
17 39 16
15 34 4
22 40 0
7 24 0
119 137 85
67 82 63
18 33 14
36 50 33
53 67 50
44 59 38
2 19 0
107 129 80
176 206 134
143 180 85
146 190 75
153 204 73
117 176 36
115 178 35
111 178 37
117 188 50
96 168 32
142 199 84
148 207 89
127 186 66
107 167 43
110 171 42
121 184 51
122 186 48
90 157 16
86 153 12
111 180 38
111 179 40
91 161 26
84 154 21
90 159 30
128 197 70
130 199 72
94 160 52
93 160 54
92 159 53
47 114 9
56 122 22
60 126 28
51 118 23
58 125 32
60 126 38
60 128 43
61 129 46
57 124 45
50 118 41
50 118 43
57 125 50
64 132 59
55 115 55
68 128 68
52 112 50
57 117 55
58 118 56
58 118 56
40 100 38
56 116 54
60 120 58
59 119 55
72 132 68
57 117 53
69 129 65
59 119 55
73 133 69
70 130 66
94 156 93
64 125 65
55 116 56
95 156 96
71 132 72
56 117 57
65 126 67
60 121 62
70 131 72
82 143 86
79 140 83
85 146 89
57 117 63
76 136 82
73 133 79
72 132 78
75 134 76
73 132 76
73 132 78
75 133 82
80 138 87
84 142 92
84 142 92
83 141 90
91 150 94
88 148 86
96 157 88
105 167 92
102 165 84
123 187 100
100 165 73
95 160 66
99 176 34
73 150 8
101 182 25
114 189 37
127 191 51
105 153 31
91 122 18
145 160 77
165 165 101
145 134 88
62 46 13
64 46 24
39 23 8
7 0 0
4 4 0
0 10 1
0 6 0
0 15 4
11 16 10
7 14 6
9 20 6
9 22 4
0 15 0
0 19 0
8 29 10
7 28 13
15 35 24
15 32 24
12 25 16
6 16 5
15 22 4
21 25 0
21 25 0
160 162 125
50 65 26
18 32 0
19 31 9
9 17 4
4 11 4
25 35 26
179 192 172
215 233 193
133 159 94
131 166 76
167 211 98
133 186 56
122 181 39
95 160 14
135 203 54
116 186 36
124 176 65
122 175 61
114 169 52
143 198 78
113 169 44
102 161 32
98 160 27
131 195 59
112 176 38
93 159 23
124 192 57
84 151 19
78 148 16
116 185 58
97 167 42
95 165 41
80 145 43
76 143 40
84 150 50
21 87 0
42 108 11
46 111 17
32 98 8
45 111 23
45 110 26
36 104 21
32 99 19
39 106 29
52 120 45
62 130 57
61 129 56
57 125 52
80 140 78
80 140 78
48 108 46
48 108 46
33 93 31
52 112 50
47 107 45
67 127 63
60 120 56
70 130 66
76 136 72
61 121 57
66 126 62
68 128 64
69 129 65
54 114 50
90 152 89
72 133 73
56 117 57
80 141 81
73 134 74
55 116 56
63 124 65
66 127 68
70 131 72
77 138 81
85 146 89
55 116 59
70 130 76
68 128 74
79 139 85
64 124 70
77 136 78
73 132 74
72 131 75
75 134 80
82 140 89
86 144 93
84 143 89
81 140 84
86 146 86
93 154 87
99 161 88
105 168 87
90 155 65
131 197 100
105 172 69
85 152 47
93 173 16
81 161 4
123 206 38
124 201 43
111 176 34
124 172 52
128 157 64
118 129 63
131 126 84
31 14 0
41 18 12
134 109 112
81 62 66
32 21 25
1 0 0
0 5 0
14 30 17
0 9 0
5 8 0
2 6 0
0 6 0
3 15 0
12 26 3
12 27 4
3 20 1
0 10 0
7 20 11
12 23 19
1 7 5
13 14 9
21 18 9
6 0 0
30 22 0
207 197 170
37 51 0
0 9 0
10 19 0
9 15 1
25 29 30
6 9 16
48 53 56
37 48 32
19 37 0
10 39 0
153 190 94
156 204 82
157 214 75
104 167 16
123 190 32
103 173 12
139 187 78
147 195 85
162 212 99
157 208 90
140 194 72
127 183 56
128 188 56
143 205 70
98 162 26
94 160 24
100 166 32
100 167 36
112 181 52
92 161 36
118 188 64
43 113 0
64 128 31
83 149 51
66 132 35
27 92 0
41 106 14
48 113 23
38 104 16
47 113 26
47 112 30
44 111 31
47 114 35
55 122 45
65 133 58
71 139 66
70 138 65
66 133 62
64 124 60
63 123 59
66 126 62
70 130 66
59 119 55
59 119 55
54 114 50
45 105 41
58 118 54
73 133 69
75 135 71
74 134 70
67 127 63
77 137 73
71 131 67
64 124 60
73 135 72
81 142 82
64 125 65
71 132 72
75 136 76
52 113 53
59 120 61
76 137 78
72 133 74
76 137 80
71 132 75
46 107 50
77 137 83
69 129 75
70 130 76
65 125 71
74 133 75
75 134 76
76 135 79
80 139 83
83 142 88
86 145 91
87 146 92
87 146 88
88 148 86
101 162 92
119 182 103
96 160 73
82 148 51
119 186 83
106 174 65
70 138 27
74 151 13
76 153 15
100 184 11
94 172 10
81 144 1
143 191 73
52 78 0
124 132 75
37 28 0
15 0 0
20 0 2
23 0 13
84 61 79
54 41 51
13 11 14
0 4 0
0 7 0
0 21 1
3 4 0
7 10 0
0 5 0
0 6 0
0 9 0
0 9 0
0 8 0
1 15 0
0 4 0
13 19 17
0 1 0
1 0 0
23 16 8
18 8 0
50 37 18
210 195 172
200 213 143
26 37 0
7 15 0
6 10 0
14 15 19
0 0 14
13 15 28
3 9 9
0 10 0
0 15 0
176 210 123
136 180 65
139 193 55
125 189 33
142 209 44
109 178 9
191 236 131
139 187 78
43 91 0
166 216 101
81 132 13
125 179 55
34 91 0
104 164 32
88 150 17
107 170 37
149 215 83
92 159 28
107 176 49
95 165 40
111 181 57
0 52 0
30 94 0
76 141 47
28 93 0
23 88 0
24 89 0
33 97 10
31 97 10
32 97 13
35 100 18
48 115 35
62 129 52
63 129 55
51 119 46
43 111 38
46 113 42
53 120 49
62 122 58
47 107 43
66 126 62
55 115 51
57 117 53
50 110 46
68 128 64
49 109 45
48 108 44
64 124 60
64 124 60
79 139 75
64 124 60
78 138 74
71 131 67
78 138 74
75 137 74
100 161 101
83 144 84
74 135 75
76 137 77
43 104 44
46 107 48
71 132 73
73 134 75
81 142 85
47 108 51
57 118 61
70 130 76
80 140 86
52 112 58
72 132 78
72 130 71
77 135 77
83 141 83
85 142 87
85 142 89
86 143 90
91 148 93
95 153 94
87 146 82
105 165 93
142 203 123
94 157 68
91 155 58
118 184 78
125 191 81
79 146 31
71 142 36
84 155 49
141 178 38
144 182 47
116 152 28
149 183 73
74 105 12
64 94 20
136 161 104
11 34 0
0 16 0
0 7 0
0 5 0
0 8 0
1 5 0
4 6 0
7 8 0
3 2 0
1 2 6
1 2 6
0 2 3
0 1 2
0 2 0
0 3 0
0 5 0
0 5 0
0 10 0
1 9 0
0 6 0
0 5 0
6 9 0
6 8 0
63 62 41
197 195 174
196 200 165
0 5 0
11 15 0
0 5 0
4 10 0
19 25 21
0 3 2
6 14 16
3 12 11
30 36 32
37 45 32
174 182 161
121 128 97
11 18 0
174 182 135
134 141 90
88 117 71
51 80 32
0 16 0
42 69 14
135 160 103
114 137 83
48 68 17
121 140 94
139 157 115
166 187 146
22 47 5
137 165 116
156 189 132
108 148 78
122 164 88
7 50 0
33 73 23
25 68 14
23 69 7
31 81 10
38 92 16
35 92 11
24 85 5
15 78 0
12 76 2
17 82 14
20 85 19
27 92 28
51 113 48
72 135 65
65 129 55
43 107 31
49 106 51
57 114 59
54 112 54
74 132 73
64 122 63
45 103 42
62 121 57
49 108 44
48 107 43
66 125 61
67 125 64
60 118 59
67 125 66
72 130 72
69 126 71
69 126 71
61 123 76
82 144 97
72 134 85
98 160 111
76 138 87
57 120 67
48 111 58
68 131 76
75 138 81
59 123 63
56 120 60
61 125 64
59 124 60
63 128 64
69 134 68
64 129 63
83 142 76
77 137 73
75 135 71
80 140 78
83 143 81
81 141 79
80 142 75
83 147 73
72 137 53
96 166 68
120 192 80
116 191 64
92 171 28
74 155 1
74 156 0
82 165 0
89 157 22
102 170 35
187 227 92
106 145 16
112 150 31
127 163 57
134 169 79
134 166 93
135 162 107
59 82 40
0 9 0
0 7 0
0 7 0
3 11 0
0 2 0
0 2 0
3 3 0
3 1 0
2 1 6
0 1 5
0 0 2
0 1 2
0 2 0
0 3 0
0 5 0
0 5 0
3 11 0
8 14 0
13 17 2
1 4 0
6 7 0
6 5 0
138 135 116
203 200 181
199 202 171
71 74 45
5 9 0
12 16 0
0 3 0
0 5 1
10 16 16
0 3 2
0 3 2
7 13 9
13 21 8
0 5 0
26 32 4
37 43 7
77 84 42
146 154 107
0 14 0
2 34 0
22 52 2
95 124 70
177 204 151
109 132 80
16 38 0
14 32 0
36 57 18
16 36 0
13 35 0
5 32 0
133 163 111
108 144 82
111 151 81
7 49 0
26 66 14
25 68 12
29 75 11
36 86 15
42 96 18
41 98 17
37 99 16
34 97 18
45 109 35
49 114 46
58 123 57
65 130 66
70 132 67
68 131 61
66 130 56
66 130 54
40 97 42
59 116 61
63 121 63
73 131 72
61 119 60
52 110 49
69 128 64
52 111 47
43 102 38
60 119 55
65 123 62
63 121 62
69 127 68
72 130 72
68 125 70
68 125 70
64 126 79
81 143 94
66 128 79
91 153 104
77 139 88
43 105 54
49 112 59
65 128 73
63 126 69
49 112 55
50 114 54
58 122 61
59 123 62
65 130 66
71 136 72
67 132 68
63 122 58
77 137 73
84 144 82
85 145 83
90 150 88
87 147 83
85 148 78
95 159 81
87 153 65
105 175 76
118 191 76
109 184 57
91 170 27
85 166 12
88 170 8
92 175 9
81 151 16
95 165 30
91 135 11
106 150 29
135 177 65
122 162 63
24 62 0
118 151 80
167 198 141
84 111 68
2 22 0
0 7 0
0 5 0
1 6 0
0 1 0
1 0 0
5 1 0
4 0 0
1 0 5
1 0 5
0 0 2
0 0 2
0 2 1
0 4 0
0 7 0
0 7 0
0 3 0
8 11 2
22 25 14
11 11 0
23 21 8
4 0 0
159 153 141
118 112 98
90 90 66
59 58 37
6 7 0
29 31 17
0 2 0
0 2 0
8 14 10
0 2 0
7 16 11
11 21 12
0 4 0
18 27 6
1 10 0
21 28 0
157 165 126
52 60 19
0 29 0
70 106 60
121 154 107
140 170 120
129 157 108
35 61 13
18 41 0
19 39 2
5 24 0
20 39 11
6 26 0
18 42 8
29 57 16
91 123 73
18 53 0
10 46 0
19 62 8
27 71 12
36 82 17
41 93 19
45 99 21
48 107 23
51 113 30
53 116 37
57 121 47
53 118 50
61 126 62
73 137 76
69 131 68
53 115 48
53 116 45
66 130 56
37 94 39
62 119 64
72 130 72
73 131 72
56 114 55
54 112 51
71 130 66
57 116 52
42 101 37
55 114 50
67 125 64
72 130 71
74 132 73
75 133 75
73 130 75
71 128 73
71 133 84
84 146 97
66 128 79
89 151 100
87 149 98
32 95 42
57 120 67
67 130 75
58 121 66
46 109 52
50 113 56
60 124 64
61 125 65
65 129 68
71 135 74
68 132 71
72 130 71
82 142 82
74 134 72
78 138 76
111 172 105
118 179 110
96 160 84
86 151 67
87 154 59
100 171 65
103 176 58
89 164 35
80 159 16
86 166 15
93 174 17
92 174 12
98 170 34
110 182 46
109 157 45
118 166 56
170 217 113
63 108 15
81 124 42
74 114 44
56 91 33
159 188 144
29 53 21
0 18 0
0 5 0
0 2 0
3 3 3
9 4 8
8 2 6
6 0 4
2 0 3
2 0 3
2 0 3
1 1 3
1 3 2
3 5 4
2 7 3
3 8 4
2 4 0
3 6 0
12 13 7
9 6 0
31 26 20
9 2 0
103 96 88
16 7 0
15 12 0
5 3 0
3 1 0
2 4 0
0 2 0
6 12 2
0 6 0
5 15 6
10 22 10
0 9 0
0 11 0
10 22 0
0 13 0
0 7 0
50 61 27
12 24 0
0 39 0
84 123 79
127 165 118
136 172 124
61 93 46
0 14 0
1 26 0
0 21 0
2 22 0
27 46 26
6 25 6
14 33 13
10 33 5
3 29 0
0 23 0
16 45 0
27 70 14
35 81 19
43 93 24
47 99 24
51 106 25
55 114 30
58 120 37
59 122 43
74 138 64
66 131 63
69 133 72
77 141 80
79 140 80
71 133 68
72 134 67
82 143 74
46 103 48
58 115 60
72 130 72
72 130 71
52 110 51
47 105 44
63 122 58
65 124 60
41 100 36
46 105 41
62 120 59
75 133 74
75 133 74
74 132 74
74 131 76
69 126 71
72 132 81
81 141 90
65 125 74
89 149 98
98 158 107
30 90 38
62 122 70
65 125 73
63 123 69
53 113 59
58 118 64
67 128 71
65 126 69
66 127 70
70 131 74
66 127 70
79 136 81
87 146 88
68 128 68
67 127 63
108 169 100
123 185 110
95 160 76
78 145 52
73 141 38
88 160 48
91 165 42
78 154 20
72 151 8
85 165 16
93 174 20
90 171 14
82 156 19
83 157 20
85 142 39
99 154 53
0 47 0
29 82 0
87 136 55
97 143 71
55 95 35
83 117 67
21 49 11
0 15 0
0 6 0
0 5 0
5 5 7
8 3 10
10 0 11
7 0 9
5 1 2
5 1 2
3 1 2
3 1 2
3 3 3
4 6 5
5 7 6
6 8 5
13 15 12
7 7 5
1 0 0
3 0 0
17 12 9
21 13 11
44 34 33
8 0 0
9 7 0
3 1 0
1 1 0
1 3 0
19 25 11
3 14 0
0 13 0
0 7 0
0 15 0
0 8 0
16 36 9
0 9 0
0 14 0
4 23 0
11 28 0
119 136 104
102 149 105
120 166 120
91 134 88
114 153 106
20 58 9
0 28 0
17 45 7
4 29 0
2 23 4
5 23 11
4 21 11
0 8 0
33 51 35
0 8 0
24 44 17
23 44 13
42 88 26
51 97 33
56 106 35
56 110 32
58 116 32
64 124 38
62 126 40
57 122 42
57 120 49
60 125 59
63 127 66
57 121 61
53 114 55
54 115 55
62 122 58
68 129 62
58 115 60
46 103 48
62 120 62
70 128 69
51 109 50
39 97 36
52 111 47
77 136 72
45 104 40
36 95 31
52 110 49
71 129 70
70 128 69
70 128 70
73 130 75
66 123 68
62 122 71
68 128 77
60 120 69
82 142 91
97 157 105
36 96 44
54 114 62
52 112 60
63 123 71
54 114 62
59 119 67
67 127 73
63 123 69
63 123 69
67 127 73
63 123 69
62 119 66
83 142 86
79 139 79
68 129 62
81 143 68
91 155 71
88 155 62
89 157 54
67 137 25
85 159 38
96 171 42
88 164 29
84 163 20
92 172 25
98 178 29
95 175 24
105 182 44
94 171 33
106 170 76
0 40 0
17 77 0
74 132 47
117 172 91
98 150 75
104 150 85
103 142 85
2 33 0
0 12 0
0 9 0
6 14 3
1 1 1
3 0 5
7 0 12
13 0 18
7 3 2
6 2 1
4 3 1
4 3 1
4 4 2
5 5 3
5 7 4
6 8 7
9 9 9
11 11 11
10 8 9
4 0 1
8 0 2
25 14 18
7 0 0
21 9 13
0 2 0
18 22 8
0 5 0
4 13 0
11 25 0
0 9 0
46 67 36
42 68 33
43 71 33
16 46 8
26 56 18
46 76 38
36 66 28
36 66 30
121 148 113
121 148 115
96 150 101
113 165 116
94 144 93
116 163 111
0 34 0
0 21 0
3 35 0
9 38 8
11 34 16
12 32 21
15 31 28
24 39 36
0 13 6
31 44 34
11 25 10
32 47 28
49 98 33
61 111 42
67 119 45
67 122 41
67 127 41
71 133 47
69 133 47
61 126 46
64 130 58
79 144 78
85 149 89
71 134 77
55 116 59
52 113 54
63 123 61
73 133 69
66 123 68
36 93 38
52 110 52
66 124 65
53 111 52
39 97 36
46 105 41
79 138 74
62 121 57
37 96 32
48 106 45
71 129 70
70 128 69
73 131 73
79 136 81
70 127 72
63 123 71
64 124 72
64 124 72
82 142 90
95 155 103
58 118 66
47 107 55
44 104 52
55 115 63
47 107 55
55 115 63
63 123 71
60 120 68
61 121 69
67 127 75
64 124 72
66 123 72
72 131 77
77 137 77
76 137 67
77 140 61
89 154 62
96 164 61
92 162 48
72 143 21
85 160 31
97 173 38
99 176 36
95 174 31
95 174 31
97 176 31
97 176 31
97 176 35
81 160 19
33 103 15
94 163 74
87 156 67
95 161 74
78 140 55
92 151 69
101 153 78
102 149 81
34 73 16
7 36 0
0 16 0
0 11 0
0 1 0
1 0 4
4 0 9
12 1 17
9 6 1
6 5 0
6 5 0
4 5 0
4 5 0
4 6 1
5 7 4
6 8 5
1 3 2
5 5 5
19 17 18
18 13 17
5 0 3
19 10 15
7 0 2
9 0 6
0 9 0
16 29 9
0 9 0
0 12 0
0 11 0
2 31 0
103 137 87
130 169 116
135 176 120
119 162 106
118 163 108
109 153 100
130 174 125
120 163 117
115 158 115
98 141 98
89 150 93
100 159 101
98 156 95
90 144 82
0 31 0
15 59 6
78 117 72
123 154 122
39 64 43
0 11 0
20 36 33
14 26 26
0 9 8
18 27 24
13 23 15
30 40 31
39 90 23
58 110 38
72 126 50
70 128 44
69 129 41
73 138 48
74 140 53
70 135 55
61 127 55
58 123 59
59 123 63
62 125 70
57 117 63
46 107 50
44 104 44
49 109 47
73 130 75
40 97 42
56 114 56
63 121 62
52 110 51
46 104 43
39 98 34
62 121 57
80 139 75
39 98 34
43 101 40
68 126 67
68 126 67
74 132 74
84 141 86
73 130 75
75 133 82
69 127 76
74 132 81
84 142 91
90 148 97
84 142 91
41 99 48
41 99 48
53 111 60
46 104 53
54 112 61
62 120 69
59 117 67
61 119 69
69 127 77
69 127 77
74 131 80
57 116 60
72 132 68
89 151 76
86 150 63
98 164 64
103 173 61
81 152 30
85 158 27
82 159 21
88 165 25
96 173 31
96 175 32
90 169 28
86 164 26
88 166 28
83 164 23
72 153 12
65 139 52
53 127 40
93 167 78
83 156 66
87 156 67
99 163 76
91 150 66
109 162 84
92 137 70
35 70 14
0 18 0
0 8 0
0 4 0
0 1 0
4 2 5
3 0 5
7 9 0
6 8 0
4 7 0
2 8 0
1 7 0
1 9 0
1 8 0
2 9 2
5 12 5
0 2 0
6 8 7
8 8 8
1 0 2
16 11 15
16 10 14
4 0 2
0 11 0
0 11 0
19 47 9
35 68 23
38 77 24
108 152 91
101 151 82
103 157 82
84 140 65
83 141 65
90 150 78
80 139 71
94 153 89
82 140 81
92 149 94
94 151 98
97 164 95
84 151 80
103 166 95
107 169 96
70 127 56
112 164 98
119 164 109
97 134 91
121 151 123
16 39 23
0 10 2
23 35 33
22 31 30
12 18 16
19 24 20
14 16 11
23 74 5
50 103 31
69 126 47
69 128 44
64 127 38
71 136 46
77 143 55
75 142 62
80 146 74
49 114 50
40 103 46
68 131 76
89 149 95
75 134 78
54 113 55
48 108 48
80 137 82
51 108 53
65 123 65
61 119 60
51 109 50
51 109 48
34 93 29
42 101 37
83 142 78
34 93 29
32 90 29
58 116 57
59 117 58
67 125 67
79 136 81
67 124 69
80 139 85
69 128 74
76 135 81
80 138 87
80 138 87
95 153 102
31 89 38
35 93 42
58 116 65
50 108 57
57 115 64
64 122 71
60 118 67
62 120 69
71 129 78
71 129 78
58 116 58
46 106 44
83 144 74
106 169 88
78 143 49
78 145 39
94 165 45
77 150 19
98 172 35
82 159 17
79 157 12
90 167 25
94 173 32
85 163 25
79 157 22
82 159 27
74 157 15
70 153 11
93 172 83
87 166 77
86 162 71
86 163 69
86 160 65
87 156 63
92 157 65
100 160 74
90 141 64
30 72 6
0 16 0
0 20 0
0 12 0
6 15 0
1 6 0
3 5 0
0 6 0
7 16 0
2 14 0
0 6 0
0 6 0
3 16 0
5 19 2
0 8 0
0 10 0
0 5 0
0 4 0
0 3 0
5 10 6
15 17 14
14 14 12
7 5 6
82 119 76
97 136 91
113 156 103
115 163 103
106 159 89
94 152 75
87 151 65
87 153 63
76 147 55
78 151 59
81 155 66
81 155 70
79 152 73
78 150 76
80 151 81
82 153 85
91 164 82
82 155 73
84 156 70
98 166 79
104 168 84
100 158 81
103 154 87
114 157 104
116 150 113
23 49 24
7 28 13
8 21 14
10 19 14
20 25 21
8 10 5
44 45 39
73 126 56
80 136 63
74 133 53
84 146 61
82 147 57
64 130 40
65 134 45
62 129 49
78 146 73
51 117 53
46 109 52
55 118 63
57 117 63
56 115 59
60 119 61
65 123 64
73 130 75
32 89 34
41 99 41
42 100 41
72 130 71
66 124 63
56 115 51
37 96 32
70 129 65
63 122 58
33 91 30
50 108 49
80 138 79
69 127 69
69 126 71
78 135 80
63 122 68
78 137 83
59 118 64
83 142 88
85 144 90
70 129 75
44 103 49
54 113 59
64 123 69
59 118 64
51 110 56
61 120 66
55 114 60
52 111 57
73 132 78
69 128 74
64 123 57
66 127 57
88 151 72
101 166 76
85 152 49
72 141 25
79 151 25
87 161 24
85 160 16
80 158 12
85 163 17
100 177 35
81 159 21
73 151 16
98 175 43
93 170 40
81 164 20
77 160 16
85 166 74
82 163 71
83 162 70
85 165 68
86 164 65
84 158 59
86 156 60
92 157 65
60 118 33
86 137 62
78 120 56
0 21 0
0 12 0
0 9 0
13 28 7
3 16 0
0 14 0
0 9 0
0 9 0
8 28 0
45 68 40
60 83 55
27 51 25
0 10 0
0 9 0
0 15 0
3 22 3
3 17 2
0 5 0
0 4 0
0 4 0
0 6 0
83 134 77
88 139 80
93 148 81
92 152 78
88 153 71
82 152 63
80 154 57
79 157 55
79 160 55
80 163 59
79 164 61
78 162 64
76 159 67
76 159 71
79 161 77
82 164 82
81 160 68
77 154 60
79 155 57
89 163 64
94 164 68
91 156 66
96 153 74
109 158 93
139 179 129
24 55 21
12 34 13
15 29 16
1 11 2
18 21 14
17 18 10
33 33 25
35 90 22
76 134 60
73 131 54
71 133 48
82 147 57
70 136 46
65 133 46
66 135 54
72 140 67
61 127 63
48 112 52
61 124 69
71 131 77
61 120 64
63 121 62
63 121 60
79 136 81
56 113 58
38 96 38
37 95 36
54 112 53
48 106 45
48 107 43
42 101 37
56 115 51
73 132 68
35 93 32
59 117 58
54 112 53
68 126 68
63 120 65
81 138 83
66 123 70
80 137 84
63 120 67
85 142 89
86 143 90
74 131 78
46 103 48
56 113 58
52 109 54
55 112 57
57 114 59
77 135 77
75 133 75
70 128 70
85 143 85
77 135 77
69 130 53
58 121 40
72 137 47
92 158 60
86 154 43
73 143 21
72 145 12
74 148 9
74 149 4
73 151 5
71 149 3
85 162 20
76 154 16
64 141 9
77 154 26
72 148 22
71 154 10
68 151 7
77 158 66
76 157 64
80 160 65
85 165 68
87 165 66
83 159 61
80 154 57
85 154 61
50 112 26
62 119 40
118 168 99
110 151 91
103 140 89
33 64 22
0 12 0
0 20 0
30 58 18
33 61 21
50 81 40
89 121 80
128 160 121
136 171 131
112 146 109
85 119 84
24 58 23
0 29 0
0 12 0
0 11 0
0 17 0
0 21 0
0 17 0
0 16 0
86 145 77
85 146 76
84 148 72
84 152 69
82 155 65
81 158 62
78 159 56
74 160 53
82 170 60
81 170 60
79 168 60
76 164 60
74 162 62
75 162 65
79 166 72
83 168 77
75 157 55
73 154 51
77 156 49
84 162 53
85 160 55
85 153 54
93 156 67
109 163 88
104 149 90
0 30 0
0 25 0
18 35 16
3 14 0
18 24 12
18 20 9
11 11 0
5 62 0
69 129 57
69 130 53
61 125 41
78 144 56
72 141 52
67 137 49
68 137 56
63 131 58
73 140 73
46 110 50
62 125 68
81 142 85
59 118 60
56 114 53
51 110 46
69 126 71
78 135 80
34 92 34
40 98 39
46 104 45
36 94 33
43 102 38
47 106 42
54 113 49
75 134 70
48 106 45
48 106 47
49 107 48
65 123 65
72 129 74
73 130 75
68 125 74
80 137 86
67 124 71
83 140 87
85 142 89
77 134 79
45 102 47
57 115 57
49 107 49
56 114 55
63 121 62
85 143 82
84 142 81
82 141 77
102 161 97
98 157 93
78 141 50
59 124 30
68 134 34
90 158 49
83 152 35
67 138 10
67 140 6
74 149 7
65 140 0
74 152 7
66 144 0
78 155 15
85 163 28
73 150 20
76 153 25
74 150 24
65 148 4
63 146 2
76 152 62
75 151 61
77 153 62
83 159 68
83 160 66
79 156 62
78 153 62
82 152 64
72 140 55
75 138 59
78 135 64
79 129 66
105 150 93
138 180 130
70 108 61
84 121 77
85 125 73
86 126 74
93 136 83
103 146 93
99 143 92
87 131 80
81 127 78
86 132 83
118 161 115
79 122 76
31 72 28
0 35 0
0 16 0
0 17 0
17 49 10
53 83 45
82 146 70
83 150 71
86 153 73
86 158 72
86 161 70
80 160 63
75 157 55
71 156 52
83 170 63
79 168 60
75 164 56
71 160 54
70 157 53
72 158 57
76 162 63
80 166 69
74 157 51
74 157 49
78 160 49
84 164 51
82 160 48
83 156 49
95 161 64
111 168 87
76 125 60
5 43 0
0 27 0
9 29 4
9 22 4
19 25 11
16 18 5
18 19 5
16 75 9
61 120 52
69 131 56
67 132 50
67 135 48
68 137 48
75 145 57
65 134 53
57 125 52
80 147 80
44 108 47
56 117 58
78 139 80
52 112 52
46 105 41
39 98 32
48 105 50
86 143 88
31 89 31
50 108 49
53 111 52
43 101 40
47 106 42
50 109 45
62 121 57
68 127 63
66 124 63
26 84 25
65 123 64
57 115 57
91 148 93
60 117 62
69 126 75
78 135 84
70 127 76
80 137 84
81 138 83
79 136 81
42 100 42
56 114 55
58 116 55
63 122 58
64 123 57
76 135 67
70 129 61
76 136 66
114 174 104
125 185 115
96 162 56
74 142 33
79 147 34
93 162 43
78 148 23
61 132 0
71 145 8
90 165 23
82 157 15
100 177 35
85 162 22
90 166 31
102 179 47
88 165 35
88 164 38
94 170 46
72 154 8
68 150 4
77 151 64
74 148 61
73 147 60
76 152 64
77 153 65
75 150 65
77 150 68
81 154 73
54 125 47
89 157 84
95 158 88
65 124 60
84 140 79
146 197 141
87 136 81
84 132 80
89 141 79
76 128 66
72 124 62
82 136 74
90 146 83
90 146 83
93 149 88
100 156 95
75 131 70
82 136 78
99 150 93
112 161 105
109 156 101
98 143 88
94 137 84
100 143 90
78 143 63
83 148 68
86 154 71
85 155 69
78 152 63
75 151 60
73 153 58
74 156 58
82 167 66
78 163 62
74 159 58
72 154 54
71 153 53
74 154 55
77 157 58
78 158 59
73 156 50
75 159 48
79 161 50
80 163 47
81 160 45
82 158 49
95 163 64
106 168 83
106 157 90
76 119 66
27 59 22
0 19 0
10 25 6
15 23 8
11 15 1
45 46 32
51 111 49
58 119 52
71 135 61
82 147 67
59 127 42
58 128 40
82 152 66
56 128 46
56 127 51
80 147 78
48 112 51
49 110 50
70 131 71
54 114 50
48 107 41
46 105 37
43 100 45
86 143 88
32 90 32
51 109 50
58 116 57
53 111 50
56 115 51
54 113 49
55 114 50
65 124 60
75 133 72
34 92 33
59 117 58
49 107 49
91 148 93
61 118 63
68 124 75
74 131 80
72 129 78
75 132 79
75 132 77
80 138 80
37 95 36
54 112 51
58 117 51
63 122 54
60 120 50
64 124 52
53 113 39
62 123 46
113 174 97
136 197 120
120 188 67
88 158 34
80 150 25
88 159 31
80 151 19
71 143 9
81 155 18
96 170 31
81 155 16
101 178 40
83 159 24
78 154 20
80 157 27
67 144 16
72 148 22
82 158 32
84 163 18
75 154 9
82 151 68
76 145 62
71 143 61
72 145 64
73 146 67
71 145 68
75 148 75
81 154 83
81 152 84
67 138 72
86 155 90
62 128 66
84 145 85
67 126 68
58 117 59
91 149 91
82 143 73
72 133 63
69 130 60
75 138 67
77 143 71
69 135 63
60 126 54
58 124 52
87 153 81
76 139 68
65 128 58
67 126 58
78 135 67
83 138 71
79 131 65
70 122 56
86 149 70
88 151 72
86 151 71
79 146 66
75 144 61
75 147 63
81 155 70
88 164 76
84 160 72
81 157 67
79 154 63
77 152 59
79 153 58
80 154 57
81 152 56
80 152 53
70 153 47
72 155 47
76 158 47
76 159 45
77 157 44
81 157 48
89 159 60
97 161 75
108 161 93
121 165 112
55 89 52
0 20 0
14 29 10
12 20 5
2 6 0
38 40 27
62 122 62
63 123 59
74 137 66
85 152 73
59 128 45
56 126 38
77 149 63
52 124 42
61 132 56
73 140 71
61 126 62
47 108 48
58 118 56
63 124 57
56 116 46
65 122 51
57 114 59
81 138 83
42 100 42
40 98 39
48 106 47
52 110 49
61 120 56
56 115 51
37 96 32
66 125 61
67 125 64
68 126 67
35 93 34
45 103 45
71 128 73
72 129 74
71 125 76
74 128 79
77 131 81
73 127 75
74 129 74
84 139 82
36 92 31
56 112 49
62 119 51
66 123 52
63 121 47
66 124 48
52 111 31
59 118 38
107 166 84
127 186 104
127 197 62
88 160 24
71 143 7
80 152 16
86 158 22
89 161 25
90 164 27
86 160 23
99 172 38
115 191 57
101 177 45
96 171 42
91 168 38
86 163 35
103 179 53
110 186 60
88 167 22
77 156 11
82 149 70
77 144 65
73 141 64
72 142 69
72 144 71
71 142 74
73 145 81
77 151 88
43 117 56
49 120 60
71 142 82
60 130 70
82 150 91
76 142 81
84 150 89
79 143 82
54 122 45
63 131 54
75 143 66
81 152 74
80 153 74
77 150 71
79 152 73
83 156 75
48 121 40
69 140 60
82 151 71
72 139 60
64 128 50
75 137 60
94 155 78
106 167 90
92 150 73
88 149 71
84 145 68
81 143 66
81 145 69
83 150 73
87 155 78
91 159 82
82 150 73
80 149 68
81 149 66
82 150 63
86 152 64
86 151 59
83 147 53
79 143 49
68 150 48
71 152 47
73 155 45
73 155 44
76 156 43
80 158 49
85 157 58
89 153 67
84 139 71
118 162 111
66 100 65
3 29 4
7 24 6
12 23 9
5 11 0
13 16 5
30 91 32
73 135 72
77 140 70
72 139 62
70 139 56
63 133 47
64 136 50
56 128 46
65 136 60
60 127 58
72 137 71
42 104 41
39 99 35
64 123 55
50 110 38
66 124 50
64 121 66
68 125 70
57 115 57
31 89 30
35 93 34
45 103 42
59 118 54
51 110 46
40 99 35
57 116 52
54 112 51
84 142 83
39 97 38
49 107 49
62 119 64
70 127 72
73 127 78
74 128 79
81 135 85
72 126 74
72 127 72
88 143 85
35 91 30
57 113 48
89 146 77
84 142 68
73 131 54
75 134 54
63 122 40
65 124 40
100 160 74
108 168 80
103 175 31
82 156 11
77 151 6
85 158 15
90 163 22
95 167 29
94 168 31
82 155 21
83 156 23
87 163 31
79 154 25
79 154 27
70 147 19
74 151 23
98 174 48
91 167 41
87 165 20
77 155 10
83 147 69
79 143 67
75 141 67
75 142 71
74 143 76
71 141 78
72 143 83
74 147 91
70 143 87
73 146 91
60 133 77
83 154 96
58 129 69
63 133 71
64 132 71
62 131 68
77 148 68
76 147 67
72 145 64
66 141 58
64 139 56
62 140 56
59 137 53
55 133 49
60 138 54
71 146 63
68 141 59
57 129 45
65 134 51
85 153 70
93 158 76
83 148 66
83 140 63
80 138 61
79 137 61
81 141 67
86 148 75
88 151 80
84 147 77
77 143 72
77 143 71
79 143 69
80 144 66
84 147 66
88 150 65
88 148 60
83 142 52
77 136 44
71 152 50
72 153 50
73 155 47
73 155 44
78 158 47
83 160 54
85 157 58
85 149 65
95 150 83
118 165 113
70 106 70
4 30 5
0 8 0
13 23 12
25 31 21
10 13 4
0 53 0
83 144 84
76 141 73
56 123 46
81 150 69
70 142 56
53 125 41
61 133 51
67 138 62
49 116 47
78 143 77
36 98 35
20 80 16
55 114 46
36 96 24
54 112 38
59 116 61
54 111 56
68 126 68
29 87 28
31 89 30
40 98 37
55 114 50
44 103 39
58 117 53
43 102 38
47 105 44
75 133 74
67 125 66
54 112 54
70 127 72
58 115 60
74 127 81
75 129 80
83 137 87
72 126 74
72 127 72
90 145 87
36 92 29
58 115 47
123 180 109
108 166 92
85 143 66
83 142 60
72 131 47
72 132 44
98 158 70
98 158 68
71 144 0
78 152 3
95 169 22
99 173 28
88 161 18
89 161 23
94 168 31
89 162 29
109 182 51
102 177 48
93 168 41
93 168 41
76 153 25
80 156 30
102 178 52
82 158 32
85 163 18
77 155 10
