82 82
254 254 254
254 254 254
254 254 254
254 254 254
254 254 254
254 254 254
254 254 254
254 254 254
255 255 255
255 255 255
255 255 255
254 254 254
254 254 254
253 253 253
253 253 253
253 253 253
254 254 254
254 254 254
254 254 254
254 254 254
254 254 254
255 253 254
255 253 254
255 254 252
254 253 251
255 252 251
255 252 251
255 252 249
255 252 249
255 252 249
255 252 249
255 252 249
254 253 249
253 254 249
252 254 249
249 255 249
249 255 249
250 255 251
253 253 251
255 252 251
255 250 251
255 248 251
255 248 251
255 250 251
255 252 251
250 255 251
245 255 251
242 255 251
243 255 248
245 255 248
249 255 248
253 254 249
255 252 251
255 252 251
255 252 253
253 253 255
250 255 255
247 255 255
246 255 255
247 255 254
250 255 254
254 254 254
255 252 252
255 251 252
251 255 255
251 255 255
251 255 255
253 254 255
253 254 255
253 254 255
253 254 255
253 254 255
254 254 254
254 254 254
254 254 254
254 254 254
254 254 254
255 254 252
255 254 252
255 254 252
254 254 254
254 254 254
254 254 254
254 254 254
254 254 254
254 254 254
254 254 254
254 254 254
254 254 254
254 254 254
255 255 255
255 255 255
255 255 255
254 254 254
254 254 254
253 253 253
253 253 253
253 253 253
255 255 255
255 255 255
255 255 255
255 255 255
255 255 255
255 254 255
255 254 255
255 255 253
254 253 251
254 253 251
255 252 251
255 252 249
255 252 249
255 252 249
255 252 249
255 252 249
253 254 249
253 254 249
250 255 249
249 255 249
249 255 251
250 255 251
253 253 251
255 252 251
255 250 251
255 249 251
255 249 251
255 250 251
254 253 251
250 254 253
245 255 253
242 255 253
243 255 248
246 255 248
249 255 249
253 254 249
254 253 251
255 252 253
254 252 253
253 253 255
250 255 255
247 255 255
247 255 255
247 255 254
250 255 254
254 254 254
255 253 252
255 251 252
252 255 255
254 255 255
254 255 255
254 255 255
254 255 255
254 255 255
254 255 255
254 255 255
254 254 254
254 254 254
254 254 254
254 254 254
254 254 254
255 254 252
255 254 252
255 254 252
254 254 254
254 254 254
254 254 254
254 254 254
254 254 254
254 254 254
254 254 254
254 254 254
254 254 254
254 254 254
255 255 255
255 255 255
255 255 255
254 254 254
254 254 254
253 253 253
253 253 253
253 253 253
255 255 255
255 255 255
255 255 255
255 255 255
255 255 255
255 255 253
255 255 253
255 255 253
255 254 252
255 254 252
255 254 252
255 254 252
255 254 250
255 254 250
255 253 250
255 253 250
253 254 249
252 254 249
250 255 251
249 255 251
249 255 251
250 255 251
252 254 251
255 252 251
255 250 251
255 249 253
255 249 253
255 251 253
253 253 253
249 255 253
245 255 253
243 255 253
245 255 249
246 255 249
249 255 249
252 254 251
254 253 251
255 252 253
254 252 253
252 253 255
251 255 255
248 255 255
247 255 255
248 255 254
250 255 254
254 254 254
255 253 254
255 252 254
254 255 255
254 255 255
254 255 255
254 255 255
254 255 255
254 255 255
254 255 255
255 255 255
254 254 254
254 254 254
254 254 254
254 254 254
254 254 254
254 254 254
255 254 252
255 254 252
254 254 254
254 254 254
254 254 254
254 254 254
254 254 254
254 254 254
254 254 254
254 254 254
254 254 254
254 254 254
255 255 255
255 255 255
255 255 255
254 254 254
254 254 254
253 253 253
253 253 253
253 253 253
255 255 253
255 255 253
255 255 253
255 255 253
255 255 253
255 255 253
255 255 253
255 255 253
254 254 252
254 254 252
254 254 252
255 254 252
255 254 250
255 254 250
255 254 250
255 254 250
252 254 251
250 255 251
250 255 251
249 255 251
249 255 251
250 255 251
252 254 251
254 252 253
255 251 253
255 251 253
255 251 253
255 251 255
253 253 255
249 255 255
246 255 255
245 255 255
247 255 251
247 255 251
250 255 251
252 254 251
254 252 253
254 252 253
253 253 253
252 254 253
250 254 255
249 255 255
247 255 255
249 255 253
250 254 253
252 254 253
254 252 253
255 252 253
254 255 255
254 255 255
254 255 255
254 255 255
255 255 255
255 255 255
255 255 255
255 255 255
254 254 254
254 254 254
254 254 254
254 254 254
254 254 254
254 254 254
254 254 254
254 254 254
254 254 254
254 254 254
254 254 254
254 254 254
254 254 254
254 254 254
254 254 254
254 254 254
254 254 254
254 254 254
255 255 255
255 255 255
255 255 255
254 254 254
254 254 254
253 253 253
253 253 253
253 253 253
255 255 253
255 255 253
255 255 253
255 255 253
255 255 253
255 255 253
255 255 253
255 255 253
254 254 252
254 254 252
254 254 252
254 254 252
254 254 252
254 254 252
254 255 250
254 255 250
250 255 251
249 255 251
249 255 251
250 255 251
250 255 251
252 254 251
253 253 253
254 252 253
254 252 253
255 251 255
254 252 255
253 253 255
252 253 255
249 254 255
247 255 255
246 255 255
250 254 253
250 254 253
252 254 253
252 254 253
253 253 253
253 253 253
253 253 253
252 254 253
252 254 253
250 254 253
250 254 253
250 254 253
250 254 253
252 254 253
253 253 253
253 253 253
255 255 255
255 255 255
255 255 255
255 255 255
255 255 255
255 255 255
255 255 255
255 255 255
254 254 254
254 254 254
254 254 254
254 254 254
254 254 254
254 254 254
254 254 254
254 254 254
254 254 254
254 254 254
254 254 254
254 254 254
254 254 254
254 254 254
254 254 254
254 254 254
254 254 254
254 254 254
255 255 255
255 255 255
255 255 255
254 254 254
254 254 254
253 253 253
253 253 253
253 253 253
254 255 250
254 255 250
254 255 250
254 255 250
254 255 250
254 255 250
254 255 250
254 255 250
253 254 249
252 254 249
252 254 251
252 254 251
252 254 251
252 254 251
252 254 251
252 254 251
249 255 249
249 255 249
250 255 251
250 255 251
252 254 251
253 253 251
253 253 253
253 253 253
253 253 255
253 253 255
252 253 255
252 253 255
250 254 255
250 254 255
249 254 255
249 254 255
253 253 255
253 253 255
253 253 255
253 253 253
253 253 253
253 253 253
252 254 253
253 253 253
252 252 250
252 252 250
252 252 252
252 252 252
251 253 252
251 253 252
251 253 252
251 253 252
255 254 252
255 254 252
255 254 252
255 254 252
255 254 252
255 254 252
255 254 252
254 254 254
254 254 254
254 254 254
254 254 254
254 254 254
254 254 254
254 254 254
254 254 254
254 254 254
254 254 254
254 254 254
254 254 254
254 254 254
254 254 254
254 254 254
254 254 254
254 254 254
254 254 254
254 254 254
255 255 255
255 255 255
255 255 255
254 254 254
254 254 254
253 253 253
253 253 253
253 253 253
252 253 247
252 253 247
252 253 247
252 253 247
252 253 247
252 253 248
252 253 248
252 253 248
250 252 247
250 252 247
250 252 247
250 252 249
250 252 249
250 252 249
250 252 249
250 252 249
247 255 249
249 255 249
252 254 249
253 254 249
254 253 251
255 252 251
255 252 253
254 252 253
253 253 255
252 253 255
250 254 255
250 254 255
250 254 255
252 253 255
253 252 255
253 252 255
255 250 255
255 250 255
254 252 255
253 253 255
252 254 253
252 254 251
252 254 251
253 253 251
253 252 248
255 251 248
255 251 250
255 251 250
253 252 250
252 252 252
249 253 252
249 253 252
255 251 248
255 251 248
255 251 248
253 252 250
253 252 250
253 252 250
253 252 250
253 252 250
255 254 252
254 254 254
254 254 254
254 254 254
254 254 254
254 254 254
254 254 254
254 254 254
254 254 254
254 254 254
254 254 254
254 254 254
254 254 254
254 254 254
254 254 254
254 254 254
254 254 254
254 254 254
255 255 255
255 255 255
255 255 255
254 254 254
254 254 254
253 253 253
253 253 253
253 253 253
252 252 244
252 252 244
252 252 244
252 251 246
252 251 246
252 251 246
251 252 246
251 252 247
250 251 246
249 251 246
249 251 246
249 251 248
249 251 248
249 251 248
249 251 248
247 252 248
249 255 248
250 255 248
253 254 248
255 252 249
255 251 249
255 250 251
255 250 251
255 252 253
253 253 253
250 254 255
249 254 255
250 254 255
252 253 255
254 251 255
255 250 255
255 249 255
255 247 255
255 248 255
255 250 255
254 252 255
253 253 253
252 254 251
252 254 249
254 253 248
255 251 247
255 250 247
255 249 247
255 250 248
255 251 248
252 252 250
249 254 250
248 254 250
255 250 246
254 250 247
254 250 247
254 250 247
254 250 247
254 250 247
252 251 249
252 251 249
255 254 252
255 254 252
254 254 254
254 254 254
254 254 254
254 254 254
254 254 254
254 254 254
254 254 254
254 254 254
254 254 254
254 254 254
254 254 254
254 254 254
254 254 254
254 254 254
254 254 254
254 254 254
255 255 255
255 255 255
255 255 255
254 254 254
250 250 250
248 248 248
249 249 249
250 250 250
245 241 232
249 245 236
255 255 246
255 252 245
253 250 243
255 255 248
247 246 241
253 252 247
255 255 251
250 251 246
255 255 251
247 249 246
254 255 253
252 254 251
254 255 253
245 247 244
252 255 248
237 238 230
255 255 248
255 247 242
255 250 250
244 228 229
255 251 251
255 252 253
255 254 255
251 255 255
251 255 255
241 245 248
247 246 251
255 251 255
255 244 255
255 242 254
255 244 255
255 237 248
255 242 249
255 250 252
247 247 245
248 251 244
252 253 245
249 246 239
255 253 246
253 240 234
255 250 247
255 250 247
252 242 240
252 251 247
248 253 247
249 255 253
255 254 248
251 246 242
255 250 246
255 254 250
246 241 237
255 254 251
248 244 241
247 243 240
254 253 251
254 253 251
253 253 253
254 254 254
254 254 254
255 255 255
254 255 255
254 255 255
255 255 255
255 255 255
254 254 254
254 254 254
254 254 254
254 254 254
254 254 254
254 254 254
254 254 254
254 254 254
253 253 253
254 254 254
255 255 255
254 254 254
253 253 253
252 252 252
254 254 254
255 255 255
255 254 244
255 254 244
246 239 231
236 229 221
244 240 231
250 245 239
241 238 231
246 243 238
249 248 243
249 248 244
249 250 245
236 236 234
236 236 234
232 234 231
244 246 245
247 249 248
254 255 243
247 245 233
243 234 225
245 227 223
249 225 225
255 231 231
254 234 235
227 213 213
229 225 224
222 224 223
236 240 239
253 254 255
254 249 255
248 232 242
253 229 243
255 244 255
255 238 255
255 235 249
255 237 246
249 240 241
248 247 243
255 255 248
251 251 241
234 227 217
252 238 229
251 231 224
250 227 221
255 248 242
255 247 241
255 254 248
247 252 245
237 247 238
255 248 242
245 238 232
247 240 234
254 247 241
240 235 231
255 254 250
255 254 250
255 254 251
254 253 251
254 253 251
254 253 251
254 254 254
254 254 254
254 255 255
254 255 255
254 255 255
255 255 255
255 255 255
254 254 254
254 254 254
254 254 254
254 254 254
254 254 254
254 254 254
254 254 254
254 254 254
250 250 250
251 251 251
253 253 253
252 252 252
251 251 251
250 250 250
252 252 252
253 253 253
249 239 229
221 211 202
166 156 147
159 150 141
185 176 169
179 172 164
168 161 155
164 159 153
172 167 163
181 177 174
179 178 174
182 181 179
173 173 171
178 178 176
172 172 172
169 169 169
177 175 160
157 151 137
131 114 106
152 127 122
142 111 109
172 138 139
148 119 121
130 110 111
124 116 114
156 156 154
179 181 178
198 198 198
222 211 217
247 224 234
255 231 247
255 214 232
255 217 236
255 230 244
254 228 237
230 218 218
225 222 215
226 228 215
198 196 183
156 147 132
177 159 147
193 166 157
175 146 138
225 198 191
230 211 204
230 223 213
218 221 210
194 204 193
224 215 208
214 205 198
214 205 198
221 212 205
213 206 200
251 244 238
248 243 239
254 250 247
255 252 249
254 253 251
254 253 251
254 254 254
254 254 254
254 255 255
254 255 255
254 255 255
255 255 255
255 255 255
254 254 254
254 254 254
254 254 254
254 254 254
254 254 254
254 254 254
254 254 254
254 254 254
251 251 251
252 252 252
252 252 252
250 250 250
246 246 246
242 242 242
241 241 241
242 242 242
255 250 241
232 218 209
169 155 146
173 160 152
209 196 188
197 186 180
181 172 165
175 166 161
179 171 168
186 181 177
178 173 170
193 189 188
185 184 182
203 201 202
182 180 181
170 168 169
203 198 179
154 142 128
134 112 101
169 136 131
165 124 122
177 135 136
165 129 129
183 157 156
222 208 205
246 243 238
234 235 230
226 222 221
243 226 232
255 231 243
246 202 219
185 134 153
211 159 181
247 204 221
255 226 234
238 222 222
241 237 228
247 248 232
217 214 197
175 164 146
171 148 132
199 167 154
170 133 124
233 200 191
247 225 214
245 235 225
236 238 225
206 217 201
220 210 201
211 201 192
211 201 192
215 206 199
211 202 195
254 247 241
254 249 245
255 254 250
255 252 249
254 253 251
254 253 251
254 254 254
254 254 254
254 255 255
254 255 255
254 255 255
255 255 255
255 255 255
254 254 254
254 254 254
254 254 254
254 254 254
254 254 254
254 254 254
254 254 254
254 254 254
253 253 253
254 254 254
254 254 254
251 251 251
245 245 245
240 240 240
238 238 238
237 237 237
250 232 222
213 195 185
162 145 137
167 150 142
197 182 175
198 183 176
188 175 169
186 175 171
183 173 171
192 182 180
176 168 166
176 170 170
164 158 158
188 184 185
182 178 179
182 178 179
210 199 181
158 141 125
171 141 130
173 132 126
186 136 135
185 135 136
207 163 164
239 208 206
253 235 231
240 233 227
227 224 219
241 233 231
255 243 248
255 228 239
241 188 206
203 141 162
181 122 144
241 190 207
255 228 235
249 229 228
255 250 238
255 255 239
251 246 226
232 217 196
177 150 131
207 170 154
175 133 121
225 187 176
246 218 207
234 220 207
224 225 209
200 209 192
225 212 203
219 206 197
218 208 199
222 212 203
216 207 200
255 252 245
255 254 248
255 254 250
255 252 249
254 253 251
254 253 251
254 254 254
253 254 255
254 255 255
254 255 255
254 255 255
255 255 255
255 255 255
254 254 254
254 254 254
254 254 254
254 254 254
254 254 254
254 254 254
254 254 254
254 254 254
253 253 253
255 255 255
255 255 255
254 254 254
250 250 250
246 246 246
244 244 244
243 243 243
255 235 226
199 179 170
165 145 136
143 124 117
151 132 125
171 154 147
167 152 147
177 163 160
172 161 157
197 186 184
201 191 190
190 181 182
167 161 161
176 170 172
181 175 177
186 180 182
190 175 154
161 138 120
204 168 156
157 108 101
183 125 123
191 133 132
233 183 182
253 215 212
255 234 229
247 236 230
254 247 241
239 228 226
250 223 228
255 222 235
237 176 194
215 143 165
192 127 149
245 191 207
255 219 227
238 217 214
240 230 218
240 238 217
232 226 202
238 220 196
189 158 137
210 167 150
192 144 130
218 174 161
255 224 211
238 222 207
230 229 211
213 222 201
218 205 196
214 201 192
217 204 195
217 207 198
212 202 193
255 247 240
254 247 241
253 248 244
255 252 249
255 252 249
254 253 251
254 254 254
253 254 255
254 255 255
254 255 255
252 255 255
255 255 255
255 255 255
254 254 254
254 254 254
254 254 254
254 254 254
254 254 254
254 254 254
254 254 254
254 254 254
251 251 251
254 254 254
255 255 255
255 255 255
253 253 253
250 250 250
248 248 248
247 247 247
255 244 233
187 165 154
172 149 141
122 102 93
104 84 77
149 130 124
149 132 125
164 149 144
155 141 138
180 169 167
203 191 191
190 180 181
185 176 177
179 170 173
179 173 175
168 162 164
184 166 144
162 135 116
215 175 163
160 107 99
188 127 124
203 139 139
244 188 187
255 217 215
228 203 198
227 214 206
255 248 241
216 201 198
223 192 197
255 220 232
232 165 183
218 140 164
201 131 155
240 181 199
247 204 213
239 214 210
248 239 224
243 238 216
233 226 200
254 234 209
185 150 128
189 144 125
191 139 125
192 146 131
255 222 207
235 218 200
222 221 201
213 221 198
220 206 195
217 204 195
220 207 198
222 209 200
216 206 197
255 253 246
255 253 247
255 253 249
255 252 249
255 252 249
254 253 251
254 254 254
253 254 255
254 255 255
252 255 255
252 255 255
255 255 255
255 255 255
254 254 254
254 254 254
254 254 254
254 254 254
254 254 254
254 254 254
254 254 254
254 254 254
251 251 251
254 254 254
255 255 255
255 255 255
252 252 252
248 248 248
246 246 246
245 245 245
255 235 225
169 145 135
174 151 143
116 93 85
88 68 61
154 133 128
156 137 131
173 155 151
150 135 132
156 142 141
169 157 157
153 143 144
176 166 167
175 166 169
179 170 173
155 146 149
181 161 137
144 116 95
197 155 141
168 111 104
193 128 126
200 134 135
229 171 170
255 214 211
255 233 226
216 201 194
253 242 236
230 215 212
240 208 213
255 217 229
215 146 165
233 154 176
212 140 162
240 179 195
242 197 204
244 219 215
255 250 236
244 238 216
222 212 185
240 219 192
200 164 140
191 144 124
204 151 135
187 139 125
255 228 212
240 221 204
219 217 196
210 218 195
211 197 186
210 196 185
212 199 190
213 200 191
208 198 189
255 248 241
255 250 244
255 250 246
255 252 248
255 252 249
254 253 251
254 254 254
253 254 255
254 255 255
252 255 255
252 255 255
255 255 255
255 255 255
254 254 254
254 254 254
254 254 254
254 254 254
254 254 254
254 254 254
254 254 254
254 254 254
253 253 253
254 254 254
255 255 255
254 254 254
251 251 251
249 249 249
248 248 248
249 249 249
255 236 228
175 144 139
177 146 143
150 119 117
145 113 114
171 139 144
169 136 143
126 95 103
125 93 104
134 104 114
159 132 141
146 120 129
168 145 153
157 136 141
156 137 141
159 140 144
160 123 107
162 125 109
202 164 151
152 115 106
159 126 119
174 146 142
226 207 201
218 204 201
246 238 235
228 220 218
236 221 224
244 221 227
255 226 237
255 216 231
187 124 141
245 176 195
221 150 158
216 157 163
255 228 231
240 225 222
243 246 239
246 254 243
233 235 221
255 243 227
209 173 159
189 136 122
205 143 130
207 149 137
255 211 198
230 207 193
223 220 205
196 204 189
234 180 178
233 183 182
224 180 179
218 183 181
224 196 195
255 249 248
255 248 247
253 249 248
254 254 254
251 255 255
251 255 255
251 255 255
253 254 255
254 254 255
255 253 255
255 252 255
254 254 254
254 254 254
254 254 254
254 254 254
254 254 254
254 254 254
254 254 254
254 254 254
254 254 254
254 254 254
253 253 253
254 254 254
255 255 255
254 254 254
251 251 251
249 249 249
248 248 248
249 249 249
255 228 220
173 142 137
180 149 146
164 133 131
164 132 133
170 138 143
163 132 138
146 115 123
149 119 129
139 112 121
154 128 137
154 131 139
178 157 162
161 140 145
160 141 143
168 149 151
167 128 111
176 137 122
202 164 151
149 113 101
157 124 115
171 144 137
226 207 201
231 217 214
241 233 230
241 233 231
253 241 241
244 223 228
253 220 229
255 215 229
194 135 153
243 179 196
221 151 161
212 155 162
255 233 235
248 233 230
236 237 231
232 240 229
230 232 219
255 240 225
219 183 169
195 142 128
205 143 130
205 147 135
254 210 197
235 209 196
228 222 208
198 202 188
223 169 167
225 175 174
219 175 174
213 178 176
220 192 191
255 249 248
255 247 246
253 249 248
254 254 254
251 255 255
251 255 255
251 255 255
253 254 255
254 254 255
255 253 255
255 252 255
254 254 254
254 254 254
254 254 254
254 254 254
254 254 254
254 254 254
254 254 254
254 254 254
254 254 254
254 254 254
253 253 253
254 254 254
255 255 255
254 254 254
251 251 251
249 249 249
248 248 248
249 249 249
250 220 212
175 145 137
180 149 144
172 141 138
179 148 146
163 133 135
150 119 124
163 134 139
170 140 148
145 118 125
148 123 129
163 140 146
184 163 168
164 145 147
165 146 148
171 152 154
174 133 115
195 154 136
206 164 148
154 114 102
166 132 122
175 146 138
225 205 198
240 227 221
231 224 218
227 222 219
245 235 234
240 221 225
241 210 218
234 190 203
183 129 145
243 182 200
217 149 160
202 146 155
255 229 233
251 237 236
224 225 220
215 222 214
230 230 218
252 236 223
228 190 177
199 146 132
204 140 128
200 141 127
254 208 193
238 210 196
229 220 205
193 194 180
207 153 151
214 164 163
211 167 166
206 171 169
214 186 185
255 246 245
255 246 245
252 248 247
254 254 254
251 255 255
251 255 255
251 255 255
253 254 255
254 254 255
255 253 255
255 252 255
254 254 254
254 254 254
254 254 254
254 254 254
254 254 254
254 254 254
254 254 254
254 254 254
254 254 254
254 254 254
253 253 253
254 254 254
255 255 255
254 254 254
251 251 251
249 249 249
248 248 248
249 249 249
247 217 207
180 150 140
173 144 136
158 129 123
176 146 144
156 126 126
137 108 110
166 137 141
166 139 144
147 122 126
142 120 123
166 144 147
178 158 160
165 147 147
169 151 151
163 145 145
174 129 108
203 158 139
198 152 136
156 114 100
174 136 125
176 146 136
219 196 188
232 219 211
229 222 216
201 198 193
221 216 213
239 224 227
241 216 222
209 171 182
177 129 143
250 197 213
217 155 166
195 144 153
254 221 228
252 237 240
220 220 218
210 215 208
237 234 225
249 231 219
225 187 174
200 144 131
201 138 123
196 134 121
252 203 189
241 209 194
229 216 200
185 182 165
192 138 136
205 155 154
206 162 161
202 167 165
210 182 181
255 245 244
255 247 246
254 250 249
254 254 254
251 255 255
251 255 255
251 255 255
253 254 255
254 254 255
255 253 255
255 252 255
254 254 254
254 254 254
254 254 254
254 254 254
254 254 254
254 254 254
254 254 254
254 254 254
254 254 254
254 254 254
253 253 253
254 254 254
255 255 255
254 254 254
251 251 251
249 249 249
248 248 248
249 249 249
247 217 206
183 153 142
164 136 125
140 111 103
167 138 134
156 128 125
137 111 110
167 141 142
150 125 128
147 125 127
141 119 122
167 147 148
167 149 149
166 148 146
175 157 155
150 132 130
176 128 105
203 155 133
180 133 113
151 105 89
165 126 111
171 139 128
214 190 180
225 211 202
235 228 220
206 203 198
224 220 217
240 230 231
251 232 236
225 195 203
209 168 182
255 217 233
238 182 195
210 164 175
253 223 231
252 240 244
230 228 229
222 224 219
250 243 235
248 226 215
215 175 163
197 141 128
202 139 124
195 133 118
253 201 187
245 209 193
232 213 198
184 175 158
183 129 127
201 151 150
206 162 161
202 167 165
209 181 180
255 246 245
255 249 248
255 252 251
254 254 254
251 255 255
251 255 255
251 255 255
253 254 255
254 254 255
255 253 255
255 252 255
254 254 254
254 254 254
254 254 254
254 254 254
254 254 254
254 254 254
254 254 254
254 254 254
254 254 254
254 254 254
253 253 253
254 254 254
255 255 255
254 254 254
251 251 251
249 249 249
248 248 248
249 249 249
250 221 207
177 149 135
157 129 117
135 108 99
165 138 131
158 133 128
144 120 118
171 150 149
142 121 120
146 126 127
136 116 117
171 153 151
162 144 142
167 149 147
177 159 155
138 120 116
191 139 115
211 161 138
179 128 107
158 111 93
161 118 102
171 137 125
224 200 188
233 219 210
231 227 218
227 226 221
242 243 238
228 224 223
247 235 237
254 231 239
250 218 229
255 222 235
255 215 229
240 200 211
255 233 244
252 239 246
242 240 243
237 236 234
255 248 243
243 218 211
204 162 150
194 138 125
205 142 125
196 133 116
251 198 182
247 210 192
240 217 201
195 179 163
178 124 122
201 151 150
210 166 165
203 168 166
208 180 179
255 246 245
255 250 249
255 252 251
254 254 254
251 255 255
251 255 255
251 255 255
253 254 255
254 254 255
255 253 255
255 252 255
254 254 254
254 254 254
254 254 254
254 254 254
254 254 254
254 254 254
254 254 254
254 254 254
254 254 254
254 254 254
253 253 253
254 254 254
255 255 255
254 254 254
251 251 251
249 249 249
248 248 248
249 249 249
255 227 211
168 140 126
156 128 116
151 124 113
171 147 137
152 129 123
140 119 114
174 155 151
151 131 130
142 124 122
122 104 102
175 157 155
163 145 141
163 145 141
172 154 150
130 113 106
192 141 114
215 163 139
191 139 117
183 135 115
165 122 106
175 139 125
238 211 200
238 224 213
226 222 213
232 233 225
245 247 242
214 213 211
237 228 229
255 238 244
255 235 244
245 215 225
255 227 241
255 223 237
255 233 246
239 227 237
244 239 245
240 236 237
254 243 241
235 208 201
191 149 137
189 133 120
205 142 125
190 129 111
243 190 172
246 204 188
247 220 203
208 187 170
176 122 120
203 153 152
213 169 168
204 169 167
208 180 179
255 245 244
255 250 249
255 251 250
254 254 254
251 255 255
251 255 255
251 255 255
253 254 255
254 254 255
255 253 255
255 252 255
254 254 254
254 254 254
254 254 254
254 254 254
254 254 254
254 254 254
254 254 254
254 254 254
254 254 254
254 254 254
253 253 253
254 254 254
255 255 255
254 254 254
251 251 251
249 249 249
248 248 248
249 249 249
255 232 216
161 134 117
158 130 116
166 142 130
176 154 143
140 120 111
129 110 104
171 153 149
159 144 139
135 120 117
106 91 88
174 159 154
162 147 142
156 141 136
165 148 141
125 108 101
176 125 98
208 156 132
199 147 125
203 155 135
171 125 110
172 136 122
236 209 198
228 214 203
228 224 215
225 226 218
235 240 234
211 213 210
232 228 227
237 225 229
250 229 236
238 212 221
254 222 235
255 227 241
247 227 239
222 212 221
236 231 238
235 229 233
249 233 233
228 201 194
181 138 129
182 129 115
201 140 122
182 123 105
233 182 163
240 198 182
251 219 204
215 192 176
176 122 120
204 154 153
215 171 170
205 170 168
207 179 178
255 244 243
255 248 247
253 249 248
254 254 254
251 255 255
251 255 255
251 255 255
253 254 255
254 254 255
255 253 255
255 252 255
254 254 254
254 254 254
254 254 254
254 254 254
254 254 254
254 254 254
254 254 254
254 254 254
254 254 254
254 254 254
255 255 255
255 255 255
255 255 255
254 254 254
251 251 251
247 247 247
243 243 243
240 240 240
255 229 213
159 132 115
192 166 151
188 164 152
163 143 132
135 117 107
137 122 115
162 149 143
158 145 139
151 140 136
109 95 92
158 145 139
171 158 152
167 152 147
137 122 115
120 103 96
163 113 88
188 138 115
198 150 128
201 154 136
172 129 113
184 148 136
236 209 200
212 198 189
195 191 182
233 236 229
241 246 240
204 206 203
211 210 208
251 240 244
248 231 237
231 210 217
245 219 230
249 227 239
255 239 250
223 213 224
217 210 218
229 218 224
255 238 238
195 166 162
172 129 120
186 134 120
174 117 100
191 136 116
206 157 140
255 215 199
247 215 200
230 204 191
168 114 112
207 157 156
215 171 170
207 172 170
209 181 180
255 245 244
255 252 251
253 249 248
253 253 253
250 254 255
250 254 255
250 254 255
252 253 255
253 253 255
254 252 255
255 251 255
254 254 254
254 254 254
254 254 254
254 254 254
254 254 254
254 254 254
254 254 254
254 254 254
254 254 254
254 254 254
253 253 253
254 254 254
254 254 254
254 254 254
253 253 253
250 250 250
248 248 248
246 246 246
255 229 213
146 118 104
179 153 140
208 186 173
193 173 162
142 125 117
127 114 106
156 145 139
160 151 146
147 138 133
114 105 100
153 142 138
177 164 158
162 147 142
139 124 119
125 108 101
165 120 97
189 144 123
193 148 129
191 145 130
156 114 102
179 145 135
215 188 181
213 198 191
194 189 183
230 231 225
239 244 238
213 215 212
220 216 215
251 241 242
251 235 238
238 217 222
240 223 231
242 226 236
246 234 244
240 230 241
250 240 249
242 229 236
246 226 228
194 165 161
159 119 109
194 146 132
192 141 122
194 143 124
203 158 139
255 220 204
249 217 204
220 194 181
176 122 120
206 156 155
215 171 170
207 172 170
208 180 179
255 244 243
255 252 251
253 249 248
253 253 253
250 254 255
250 254 255
250 254 255
252 253 255
253 253 255
254 252 255
255 251 255
254 254 254
254 254 254
254 254 254
254 254 254
254 254 254
254 254 254
254 254 254
254 254 254
254 254 254
254 254 254
251 251 251
251 251 251
252 252 252
253 253 253
252 252 252
249 249 249
247 247 247
246 246 246
255 241 227
156 128 114
169 143 130
204 182 171
201 183 173
160 146 137
139 128 122
160 151 146
160 153 147
141 133 130
122 114 111
139 130 125
178 167 163
155 141 138
140 125 120
118 100 96
155 117 96
172 134 115
180 138 122
167 127 115
147 109 100
184 151 144
202 177 172
228 213 208
210 203 197
234 235 229
242 244 239
229 229 227
231 227 226
251 239 241
255 237 241
240 217 223
225 214 218
247 236 242
244 234 242
236 226 235
253 243 252
249 234 241
254 234 236
231 202 198
170 132 123
185 142 126
177 130 112
182 137 118
202 160 144
250 217 202
251 223 211
235 208 199
189 135 133
204 154 153
215 171 170
209 174 172
206 178 177
255 244 243
255 251 250
252 248 247
253 253 253
250 254 255
250 254 255
250 254 255
252 253 255
253 253 255
254 252 255
255 251 255
254 254 254
254 254 254
254 254 254
254 254 254
254 254 254
254 254 254
254 254 254
254 254 254
254 254 254
254 254 254
252 252 252
252 252 252
252 252 252
251 251 251
248 248 248
245 245 245
241 241 241
239 239 239
255 238 227
170 142 130
145 121 109
153 133 122
160 143 135
160 147 139
150 141 134
152 145 139
158 153 149
143 138 134
136 131 128
123 113 111
178 167 165
163 149 146
148 133 130
104 86 84
145 114 96
148 115 100
167 133 121
144 107 98
158 123 117
189 158 155
204 180 178
237 222 219
228 220 217
236 235 231
233 234 229
232 231 229
234 225 226
242 228 228
248 228 230
225 200 204
196 190 190
255 249 251
253 247 251
232 225 232
241 230 238
242 225 233
252 230 233
255 227 223
178 144 134
160 121 106
155 114 96
190 152 133
229 193 177
249 220 206
247 220 211
244 221 213
206 152 150
201 151 150
215 171 170
210 175 173
204 176 175
255 244 243
255 248 247
253 249 248
253 253 253
250 254 255
250 254 255
250 254 255
252 253 255
253 253 255
254 252 255
255 251 255
254 254 254
254 254 254
254 254 254
254 254 254
254 254 254
254 254 254
254 254 254
254 254 254
254 254 254
254 254 254
254 254 254
254 254 254
254 254 254
252 252 252
249 249 249
246 246 246
242 242 242
240 240 240
255 245 235
195 167 156
147 123 113
145 125 116
152 135 128
166 155 149
161 154 148
156 151 147
157 153 150
151 147 144
152 147 144
109 101 99
173 161 161
178 164 163
160 144 144
97 79 79
131 108 94
120 93 82
152 123 115
123 92 87
167 138 134
181 153 152
201 180 179
223 207 207
232 224 222
227 223 222
212 211 209
223 217 217
224 214 213
229 210 212
238 213 217
202 173 177
178 177 173
238 237 235
243 239 240
246 240 244
251 240 246
230 213 219
225 203 205
246 218 215
173 140 131
166 133 118
189 154 135
230 197 178
255 232 216
255 228 217
240 217 211
230 211 205
223 169 167
197 147 146
215 171 170
211 176 174
203 175 174
255 245 244
255 246 245
255 251 250
253 253 253
250 254 255
250 254 255
250 254 255
252 253 255
253 253 255
254 252 255
255 251 255
254 254 254
254 254 254
254 254 254
254 254 254
254 254 254
254 254 254
254 254 254
254 254 254
254 254 254
254 254 254
254 254 254
254 254 254
255 255 255
254 254 254
253 253 253
250 250 250
247 247 247
245 245 245
255 228 220
195 166 158
145 120 113
153 133 126
149 134 127
150 141 136
139 134 130
141 137 134
147 146 144
147 146 144
153 149 148
97 88 89
155 145 146
179 165 165
163 147 148
106 87 89
103 85 75
89 69 60
122 99 93
115 90 86
158 132 133
167 141 144
197 177 179
205 190 193
231 222 223
224 218 218
207 203 202
226 217 218
226 212 212
230 208 210
246 217 221
197 165 170
187 190 183
211 212 207
202 201 199
242 236 240
255 244 251
232 213 219
223 198 201
255 230 227
193 163 153
218 186 171
246 217 199
247 220 201
255 232 216
246 226 215
246 227 221
232 214 212
238 184 182
193 143 142
213 169 168
212 177 175
201 173 172
255 246 245
254 244 243
255 253 252
253 253 253
250 254 255
250 254 255
250 254 255
252 253 255
253 253 255
254 252 255
255 251 255
254 254 254
254 254 254
254 254 254
254 254 254
254 254 254
254 254 254
254 254 254
254 254 254
254 254 254
254 254 254
254 254 254
254 254 254
254 254 254
253 253 253
251 251 251
247 247 247
244 244 244
242 242 242
255 244 236
243 214 208
187 162 157
180 159 154
162 147 142
172 162 160
165 160 157
161 160 158
145 143 144
142 140 141
148 144 145
96 90 92
141 131 132
172 157 160
164 148 149
138 119 121
105 92 84
102 87 80
115 96 92
146 125 124
149 124 127
164 142 145
198 177 182
199 184 187
229 218 222
231 225 227
220 214 214
242 232 231
237 221 222
239 214 217
255 229 232
204 168 172
192 198 188
216 219 212
201 200 196
234 228 230
244 232 236
247 228 232
248 223 226
255 244 241
235 207 196
248 220 206
255 238 218
238 215 197
242 223 208
238 220 210
250 235 230
241 227 226
249 195 193
189 139 138
212 168 167
212 177 175
200 172 171
255 247 246
254 244 243
255 254 253
253 253 253
250 254 255
250 254 255
250 254 255
252 253 255
253 253 255
254 252 255
255 251 255
254 254 254
254 254 254
254 254 254
254 254 254
254 254 254
254 254 254
254 254 254
254 254 254
254 254 254
254 254 254
255 255 255
255 255 255
253 253 253
250 250 250
246 246 246
240 240 240
235 235 235
232 232 232
247 217 209
246 217 211
180 155 150
135 116 110
108 93 88
148 138 136
154 150 147
137 136 134
152 152 152
143 143 143
149 147 148
108 102 104
141 130 134
171 156 159
172 156 159
176 157 161
146 135 129
154 141 135
139 124 121
196 176 177
150 128 131
172 149 155
197 178 184
198 183 188
225 214 218
237 231 233
234 225 226
255 243 243
242 223 225
240 214 217
255 232 235
206 167 172
180 188 175
247 250 243
246 245 241
248 242 242
237 225 229
255 243 247
255 236 239
248 223 219
255 228 217
238 212 197
243 220 202
238 217 200
255 239 225
239 222 214
242 228 225
237 223 223
255 201 199
186 136 135
211 167 166
213 178 176
200 172 171
255 248 247
254 244 243
255 254 253
253 253 253
250 254 255
250 254 255
250 254 255
252 253 255
253 253 255
254 252 255
255 251 255
254 254 254
254 254 254
254 253 255
254 253 255
254 253 255
254 254 255
254 254 255
254 254 255
254 254 255
254 254 254
255 255 255
252 252 250
249 249 247
255 255 253
235 235 233
235 236 231
222 223 218
219 220 215
233 219 218
221 210 208
206 196 194
163 155 152
159 154 151
152 148 145
161 160 156
149 149 147
150 150 148
137 137 135
150 150 150
91 89 90
127 123 124
169 165 166
165 159 161
168 162 166
157 156 154
166 162 161
163 159 158
156 152 151
153 147 147
154 148 148
185 176 177
230 220 221
221 211 212
238 226 228
241 226 229
234 219 222
218 202 205
248 232 235
255 244 247
201 182 186
206 197 200
241 232 235
235 226 229
233 224 227
239 230 233
228 219 222
233 222 226
240 229 233
254 243 247
240 229 233
233 221 225
238 226 230
238 226 230
232 220 224
234 222 226
242 230 234
240 205 212
192 159 166
192 161 167
209 184 188
194 174 176
255 251 251
254 244 243
255 251 248
255 254 250
254 255 250
253 255 250
253 255 250
253 255 250
254 255 250
254 255 250
254 255 250
254 254 254
254 254 254
254 253 255
254 253 255
254 253 255
254 254 255
254 254 255
254 254 255
254 254 255
254 254 254
254 254 254
253 253 251
249 249 247
254 254 252
216 216 214
207 208 203
193 194 189
192 193 188
191 177 176
185 174 172
186 176 174
165 157 154
171 166 163
160 156 153
163 162 158
152 152 150
148 148 146
142 142 140
156 156 156
99 97 98
122 118 119
160 156 157
163 157 159
170 164 168
162 161 159
166 162 161
162 158 157
156 152 151
148 142 142
142 136 136
174 165 166
225 215 216
218 208 209
237 225 227
242 227 230
228 213 216
205 189 192
226 210 213
242 226 229
193 174 178
187 178 181
247 238 241
255 248 251
243 234 237
221 212 215
198 189 192
219 208 212
248 237 241
238 227 231
223 212 216
216 204 208
219 207 211
221 209 213
215 203 207
215 203 207
222 210 214
240 207 214
196 165 171
190 161 166
201 176 180
185 166 168
255 249 249
250 242 240
255 254 251
255 254 250
254 255 250
253 255 250
253 255 250
254 255 250
254 255 250
254 255 250
255 254 250
254 254 254
254 254 254
254 253 255
254 253 255
254 253 255
254 254 255
254 254 255
254 254 255
254 254 255
254 254 254
255 255 255
255 255 253
253 253 251
254 254 252
210 210 208
198 199 194
185 186 181
186 187 182
187 173 172
177 166 164
186 176 174
177 169 166
184 179 176
162 158 155
158 157 153
149 149 147
146 146 144
147 147 145
161 161 161
110 108 109
116 112 113
151 147 148
162 156 158
173 167 171
168 167 165
165 161 160
160 156 155
158 154 153
144 138 138
128 122 122
160 151 152
221 211 212
196 186 187
224 212 214
242 227 230
231 216 219
213 197 200
222 206 209
242 226 229
205 186 190
190 181 184
239 230 233
242 233 236
237 228 231
233 224 227
221 210 214
232 221 225
246 235 239
241 230 234
227 216 220
219 208 212
224 212 216
228 216 220
225 213 217
225 213 217
229 217 221
253 224 229
217 190 195
212 187 191
217 197 199
200 184 185
255 251 250
251 246 243
255 255 251
254 255 250
253 255 250
253 255 250
253 255 250
254 255 250
254 255 250
255 254 250
255 254 250
254 254 254
254 254 254
254 253 255
254 253 255
254 253 255
254 254 255
254 254 255
254 254 255
254 254 255
254 254 254
253 253 253
254 254 252
252 252 250
255 255 253
220 220 218
213 214 209
201 202 197
202 203 198
211 197 196
190 179 177
192 182 180
184 176 173
188 183 180
158 154 151
153 152 148
149 149 147
147 147 145
149 149 147
159 159 159
119 117 118
112 108 109
146 142 143
164 158 160
173 167 171
170 169 167
163 159 158
159 155 154
162 158 157
145 139 139
121 115 115
153 144 145
221 211 212
187 177 178
219 207 209
247 232 235
243 228 231
240 224 227
236 220 223
253 237 240
221 202 206
208 199 202
239 230 233
229 218 222
232 221 225
254 243 247
253 242 246
249 238 242
241 230 234
253 242 246
242 231 235
237 226 230
242 231 235
247 236 240
248 237 241
249 237 241
251 239 243
255 237 243
243 222 227
244 225 229
247 232 235
231 219 221
255 252 253
251 247 246
252 251 249
254 254 252
253 255 252
253 255 252
253 255 252
254 254 252
254 254 252
255 254 252
255 254 252
254 254 254
254 254 254
254 253 255
254 253 255
254 253 255
254 254 255
254 254 255
254 254 255
254 254 255
254 254 254
249 249 249
247 247 245
244 244 242
255 255 253
226 226 224
224 225 220
211 212 207
209 210 205
211 197 196
187 176 174
187 177 175
182 174 171
188 183 180
159 155 152
156 155 151
154 154 152
150 150 148
149 149 147
150 150 150
125 123 124
109 105 106
146 142 143
167 161 163
168 162 166
170 169 167
162 158 157
161 157 156
166 162 161
150 144 144
121 115 115
151 142 143
220 210 211
210 200 201
228 216 218
247 232 235
241 226 229
253 237 240
238 222 225
251 235 238
221 202 206
208 197 201
250 239 243
245 234 238
239 228 232
247 236 240
242 231 235
245 234 238
245 234 238
249 238 242
245 234 238
244 233 237
248 237 241
251 240 244
251 240 244
251 240 244
252 241 245
253 238 241
251 236 239
252 240 242
255 246 247
243 237 237
255 254 253
247 246 244
245 245 243
253 255 252
253 255 252
253 255 252
254 254 252
254 254 252
255 254 252
255 254 252
255 254 252
254 254 254
254 254 254
254 253 255
254 253 255
254 253 255
254 254 255
254 254 255
254 254 255
254 254 255
254 254 254
254 254 254
250 250 248
245 245 243
255 255 253
226 226 224
224 225 220
209 210 205
204 205 200
205 191 190
185 174 172
188 178 176
184 176 173
192 187 184
164 160 157
158 157 153
151 151 149
154 154 152
151 151 149
144 144 144
131 129 130
105 101 102
142 138 139
167 161 163
161 155 159
169 168 166
164 160 159
164 160 159
169 165 164
153 147 147
123 117 117
146 137 138
207 197 198
225 215 216
226 214 216
230 215 218
219 204 207
249 233 236
228 212 215
245 229 232
221 202 206
197 186 190
242 231 235
238 227 231
230 219 223
237 226 230
236 225 229
243 232 236
244 233 237
241 230 234
244 233 237
249 238 242
251 240 244
250 239 243
247 236 240
247 236 240
247 236 240
246 237 238
248 242 242
244 238 238
243 239 238
241 240 238
251 251 249
251 251 249
251 253 250
253 255 252
253 255 252
253 255 252
254 254 252
254 254 252
255 254 252
255 254 252
255 254 252
254 254 254
254 254 254
254 253 255
254 253 255
254 253 255
254 254 255
254 254 255
254 254 255
254 254 255
254 254 254
255 255 255
255 255 253
252 252 250
255 255 253
226 226 224
220 221 216
207 208 203
205 206 201
210 196 195
192 181 179
192 182 180
182 174 171
189 184 181
165 161 158
158 157 153
146 146 144
157 157 155
155 155 153
143 143 143
137 135 136
99 95 96
134 130 131
163 157 159
155 149 153
169 168 166
168 164 163
167 163 162
168 164 163
151 145 145
120 114 114
135 126 127
184 174 175
219 209 210
213 201 203
216 201 204
205 190 193
248 232 235
221 205 208
236 220 223
217 198 202
200 188 192
232 220 224
217 205 209
215 203 207
240 228 232
249 238 242
248 237 241
236 225 229
225 214 218
237 226 230
250 239 243
252 243 246
248 239 242
246 237 240
246 237 240
248 239 242
239 239 239
246 246 246
237 237 237
234 234 234
243 245 244
247 249 248
254 255 255
254 255 255
253 255 254
253 255 254
253 255 254
254 254 254
254 254 254
255 253 254
255 253 254
255 253 254
254 254 254
254 254 254
254 253 255
254 253 255
254 253 255
254 254 255
254 254 255
254 254 255
254 254 255
254 254 254
251 251 251
254 254 252
254 254 252
255 255 253
223 223 221
216 217 212
206 207 202
209 210 205
209 195 194
191 180 178
186 176 174
169 161 158
178 173 170
162 158 155
161 160 156
150 150 148
158 158 156
159 159 157
146 146 146
142 140 141
94 90 91
126 122 123
158 152 154
152 146 150
170 169 167
171 167 166
169 165 164
167 163 162
148 142 142
117 111 111
125 116 117
165 155 156
214 204 205
211 199 201
218 203 206
209 194 197
254 238 241
216 200 203
223 207 210
201 182 186
209 197 201
241 229 233
224 212 216
217 205 209
237 225 229
245 233 237
244 233 237
231 220 224
203 192 196
221 210 214
239 230 233
245 236 239
242 233 236
241 232 235
244 235 238
248 239 242
232 236 235
243 247 246
234 238 237
231 235 234
245 249 248
242 246 245
248 252 251
248 250 249
253 255 254
253 255 254
254 254 254
254 254 254
254 254 254
255 253 254
255 253 254
255 253 254
254 254 254
254 254 254
254 253 255
254 253 255
254 253 255
254 254 255
254 254 255
254 254 255
254 254 255
254 254 254
251 251 251
250 250 248
255 255 253
250 250 248
228 228 226
216 217 212
212 213 208
204 205 200
207 193 192
199 188 186
190 180 178
182 174 171
175 170 167
167 163 160
155 154 150
147 147 145
155 155 153
154 154 152
146 146 146
153 151 152
85 81 82
107 103 104
154 148 150
159 153 157
167 166 164
160 156 155
169 165 164
165 161 160
148 142 142
120 114 114
118 109 110
166 156 157
210 200 201
219 207 209
227 212 215
236 221 224
246 230 233
238 222 225
230 214 217
239 220 224
213 198 203
245 230 235
238 223 228
247 232 237
242 230 234
253 241 245
235 223 227
248 237 241
237 226 230
241 232 235
243 234 237
240 231 234
237 231 233
240 234 236
242 236 238
241 235 237
233 242 239
227 236 233
237 243 241
229 235 233
234 240 238
251 255 254
246 250 249
254 255 255
253 255 254
254 254 254
254 254 254
254 254 254
254 254 254
255 253 254
255 253 254
255 253 254
255 255 255
255 255 255
254 253 255
254 253 255
254 253 255
254 254 255
254 254 255
254 254 255
254 254 255
254 254 254
252 252 252
250 250 248
255 255 253
251 251 249
229 229 227
217 218 213
213 214 209
205 206 201
206 192 191
198 187 185
188 178 176
180 172 169
173 168 165
166 162 159
155 154 150
148 148 146
154 154 152
150 150 148
148 148 148
148 146 147
96 92 93
102 98 99
150 144 146
154 148 152
160 159 157
155 151 150
168 164 163
166 162 161
150 144 144
122 116 116
115 106 107
157 147 148
203 193 194
227 215 217
243 228 231
236 221 224
235 219 222
246 230 233
247 231 234
236 217 221
210 193 199
236 219 225
245 230 235
250 235 240
240 225 230
239 227 231
238 226 230
252 241 245
243 232 236
247 238 241
248 239 242
242 236 238
239 233 235
240 234 236
239 235 236
237 233 234
233 242 241
227 236 235
234 243 242
228 234 234
235 239 240
251 255 255
249 250 252
255 255 255
254 254 255
254 254 255
254 254 255
254 254 255
254 254 255
254 254 255
254 254 255
254 254 255
255 255 255
255 255 255
254 253 255
254 253 255
254 253 255
254 254 255
254 254 255
254 254 255
254 254 255
254 254 254
252 252 252
250 250 248
255 255 253
251 251 249
230 230 228
218 219 214
214 215 210
206 207 202
207 193 192
198 187 185
187 177 175
178 170 167
171 166 163
165 161 158
156 155 151
149 149 147
154 154 152
146 146 144
150 150 150
139 137 138
113 109 110
97 93 94
146 140 142
150 144 148
152 151 149
150 146 145
165 161 160
164 160 159
152 146 146
125 119 119
110 101 102
143 133 134
195 185 186
215 203 205
243 228 231
240 225 228
222 206 209
234 218 221
248 232 235
235 216 220
200 183 189
216 199 205
247 230 236
245 230 235
229 214 219
214 202 206
236 224 228
249 238 242
242 231 235
246 237 240
248 239 242
242 236 238
239 233 235
238 234 235
237 233 234
234 230 231
231 240 239
225 234 233
235 241 241
227 233 233
234 238 239
253 254 255
250 250 252
255 254 255
255 253 255
255 253 255
255 253 255
255 253 255
254 254 255
254 254 255
253 254 255
253 254 255
255 255 255
255 255 255
254 253 255
254 253 255
254 253 255
254 254 255
254 254 255
254 254 255
254 254 255
254 254 254
252 252 252
251 251 249
255 255 253
252 252 250
231 231 229
219 220 215
215 216 211
207 208 203
210 196 195
200 189 187
188 178 176
178 170 167
171 166 163
165 161 158
157 156 152
151 151 149
154 154 152
143 143 141
150 150 150
130 128 129
130 126 127
92 88 89
142 136 138
153 147 151
151 150 148
150 146 145
162 158 157
159 155 154
150 144 144
126 120 120
106 97 98
130 120 121
192 182 183
189 177 179
227 212 215
246 231 234
217 201 204
210 194 197
233 217 220
239 220 224
197 178 184
201 182 188
241 224 230
237 220 226
221 206 211
201 186 191
233 221 225
239 228 232
235 224 228
240 231 234
241 235 237
239 233 235
236 232 233
237 233 234
234 232 233
231 229 230
229 238 237
225 231 231
234 238 239
229 230 232
237 237 239
255 253 255
251 249 252
255 253 255
255 252 255
255 252 255
255 253 255
255 253 255
254 254 255
253 254 255
253 254 255
251 255 255
255 255 255
255 255 255
254 253 255
254 253 255
254 253 255
254 254 255
254 254 255
254 254 255
254 254 255
254 254 254
252 252 252
251 251 249
255 255 253
253 253 251
232 232 230
220 221 216
217 218 213
209 210 205
214 200 199
203 192 190
191 181 179
181 173 170
174 169 166
167 163 160
159 158 154
153 153 151
154 154 152
143 143 141
148 148 148
126 124 125
142 138 139
88 84 85
135 129 131
159 153 157
156 155 153
153 149 148
160 156 155
153 149 148
148 142 142
130 124 124
106 97 98
122 112 113
190 180 181
187 175 177
226 211 214
248 233 236
219 203 206
210 194 197
234 218 221
244 225 229
208 189 195
207 188 194
244 225 231
238 221 227
228 211 217
212 197 202
239 227 231
238 227 231
236 225 229
241 232 235
241 235 237
236 232 233
234 230 231
233 231 232
232 230 231
229 227 228
229 233 234
224 228 229
235 236 238
229 229 231
237 235 238
255 252 255
254 248 252
255 253 255
255 252 255
255 252 255
255 252 255
255 253 255
254 254 255
253 254 255
251 255 255
250 255 255
255 255 255
255 255 255
254 253 255
254 253 255
254 253 255
254 254 255
254 254 255
254 254 255
254 254 255
254 254 254
253 253 253
252 252 250
255 255 253
254 254 252
233 233 231
221 222 217
218 219 214
210 211 206
216 202 201
206 195 193
194 184 182
184 176 173
176 171 168
168 164 161
158 157 153
151 151 149
149 149 147
147 147 145
146 146 146
128 126 127
148 144 145
84 80 81
120 114 116
160 154 158
158 157 155
155 151 150
159 155 154
150 146 145
150 144 144
137 131 131
111 102 103
119 109 110
188 178 179
206 194 196
239 224 227
243 228 231
225 209 212
233 217 220
251 235 238
248 229 233
222 203 209
231 212 218
251 232 238
244 227 233
239 222 228
235 220 225
247 235 239
243 232 236
245 234 238
248 239 242
245 239 241
237 233 234
232 228 229
231 229 230
230 228 229
227 225 226
229 230 234
224 225 229
234 233 238
229 227 232
238 233 239
255 251 255
255 246 254
255 251 255
255 250 255
255 251 255
255 252 255
255 253 255
253 254 255
251 255 255
250 255 255
250 255 255
255 255 255
255 255 255
254 253 255
254 253 255
254 253 255
254 254 255
254 254 255
254 254 255
254 254 255
254 254 254
253 253 253
252 252 250
255 255 253
254 254 252
234 234 232
222 223 218
219 220 215
211 212 207
217 203 202
207 196 194
196 186 184
186 178 175
177 172 169
167 163 160
155 154 150
147 147 145
143 143 141
151 151 149
145 145 145
136 134 135
151 147 148
80 76 77
100 94 96
152 146 150
155 154 152
154 150 149
158 154 153
151 147 146
156 150 150
148 142 142
119 110 111
120 110 111
188 178 179
211 199 201
233 218 221
237 222 225
235 219 222
240 224 227
248 232 235
252 233 237
221 200 207
246 227 233
247 228 234
241 222 228
234 217 223
245 230 235
238 226 230
238 227 231
247 236 240
249 240 243
244 238 240
234 230 231
227 225 226
228 226 227
229 227 228
227 227 227
229 228 233
224 223 228
234 232 237
230 225 231
239 232 239
255 249 255
255 246 254
255 251 255
255 250 255
255 250 255
255 252 255
255 253 255
253 254 255
251 255 255
250 255 255
248 255 255
255 255 255
255 255 255
254 253 255
254 253 255
254 253 255
254 254 255
254 254 255
254 254 255
254 254 255
254 254 254
253 253 253
252 252 250
255 255 253
255 255 253
234 234 232
223 224 219
220 221 216
212 213 208
216 202 201
207 196 194
196 186 184
186 178 175
176 171 168
166 162 159
152 151 147
143 143 141
138 138 136
153 153 151
145 145 145
143 141 142
152 148 149
76 72 73
85 79 81
143 137 141
150 149 147
151 147 146
158 154 153
153 149 148
161 155 155
156 150 150
124 115 116
122 112 113
190 180 181
197 185 187
212 197 200
235 220 223
244 228 231
228 212 215
228 212 215
255 236 240
207 186 193
247 226 233
236 217 223
229 210 216
220 203 209
239 224 229
221 209 213
226 215 219
242 231 235
243 234 237
238 232 234
229 225 226
224 222 223
227 225 226
229 229 229
229 229 229
229 227 232
224 222 227
235 230 236
231 224 231
241 231 239
255 249 255
255 245 254
255 250 255
255 250 255
255 250 255
255 251 255
255 253 255
253 254 255
251 255 255
248 255 255
248 255 255
255 255 255
255 255 255
254 253 255
254 253 255
254 253 255
254 254 255
254 254 255
254 254 255
254 254 255
254 254 254
252 252 252
250 250 248
255 255 253
253 253 251
235 235 233
225 226 221
222 223 218
213 214 209
210 199 195
217 206 202
200 189 185
185 174 170
185 176 171
168 158 156
150 140 138
157 149 146
154 146 144
154 146 144
153 148 145
156 150 150
149 143 143
90 84 84
67 61 61
147 143 142
146 140 144
156 150 152
150 144 146
164 155 156
165 157 155
150 140 138
140 131 126
118 107 103
177 163 160
195 181 178
198 182 182
231 215 216
251 232 236
235 216 222
205 184 191
255 239 248
186 170 173
221 205 208
233 217 220
221 206 209
203 188 191
234 222 224
217 205 207
227 217 218
246 237 238
241 235 235
234 228 228
226 222 221
227 223 222
229 228 226
229 228 226
225 224 222
219 219 219
229 229 229
221 221 221
230 230 230
227 227 227
254 254 254
253 253 253
254 254 254
254 254 254
254 254 254
254 254 254
254 254 254
254 254 254
254 254 254
254 254 254
254 254 254
255 255 255
255 255 255
254 253 255
254 253 255
254 253 255
254 254 255
254 254 255
254 254 255
254 254 255
254 254 254
253 253 253
250 250 248
255 255 253
253 253 251
235 235 233
225 226 221
222 223 218
213 214 209
213 202 198
216 205 201
200 189 185
187 178 173
185 176 171
162 152 150
145 137 134
160 152 149
149 141 139
148 143 140
149 144 141
149 143 143
146 140 140
95 91 90
71 67 66
139 135 134
151 145 149
159 153 155
152 146 148
166 157 158
169 161 159
155 145 143
142 132 130
116 105 101
186 172 169
205 191 190
207 191 191
234 218 219
245 226 230
238 219 225
215 194 201
255 234 243
208 192 195
221 205 208
234 218 221
244 229 232
218 203 206
239 227 229
240 228 230
241 231 232
247 238 239
246 237 238
238 232 232
230 226 225
230 226 225
230 229 227
228 227 225
222 221 219
219 219 219
229 229 229
221 221 221
230 230 230
227 227 227
254 254 254
253 253 253
254 254 254
254 254 254
254 254 254
254 254 254
254 254 254
254 254 254
254 254 254
254 254 254
254 254 254
255 255 255
255 255 255
254 253 255
254 253 255
254 253 255
254 254 255
254 254 255
254 254 255
254 254 255
254 254 254
253 253 253
250 250 248
255 255 253
253 253 251
235 235 233
226 227 222
223 224 219
215 216 211
217 208 203
214 205 200
198 189 184
191 182 177
185 176 171
152 144 141
137 129 126
162 154 151
148 143 140
150 145 142
150 145 142
143 139 138
142 138 137
105 101 100
76 72 71
123 119 118
157 151 155
163 157 161
153 147 149
165 156 157
170 161 162
159 149 148
145 135 133
114 103 101
192 178 177
216 202 201
220 204 205
241 225 228
241 222 226
247 228 234
239 218 227
255 235 244
227 211 214
227 211 214
237 221 224
255 246 249
235 220 223
237 225 227
252 240 242
247 237 238
248 239 240
248 239 240
241 235 235
234 230 229
231 227 226
232 228 227
227 226 224
222 221 219
219 219 219
229 229 229
221 221 221
230 230 230
227 227 227
254 254 254
253 253 253
254 254 254
254 254 254
254 254 254
254 254 254
254 254 254
254 254 254
254 254 254
254 254 254
254 254 254
255 255 255
255 255 255
254 253 255
254 253 255
254 253 255
254 254 255
254 254 255
254 254 255
254 254 255
254 254 254
253 253 253
250 250 248
255 255 253
252 252 250
235 235 233
226 227 222
224 225 220
216 217 212
222 213 208
214 205 200
198 191 185
194 187 181
185 178 172
144 136 133
127 122 118
159 154 150
155 150 147
154 150 147
152 148 145
140 136 135
138 137 135
113 112 110
80 79 77
105 104 102
153 146 153
158 151 158
144 138 142
153 144 147
159 150 151
152 142 141
140 130 129
110 99 97
171 157 156
207 193 193
214 198 199
231 215 218
225 206 212
243 223 232
249 227 239
248 226 238
212 196 199
234 218 221
236 220 223
249 233 236
237 222 225
224 209 212
231 219 221
232 222 223
248 238 239
247 238 239
241 235 235
233 227 227
229 225 224
232 228 227
229 228 226
226 225 223
219 219 219
229 229 229
221 221 221
230 230 230
227 227 227
254 254 254
253 253 253
254 254 254
254 254 254
254 254 254
254 254 254
254 254 254
254 254 254
254 254 254
254 254 254
254 254 254
255 255 255
255 255 255
254 253 255
254 253 255
254 253 255
254 254 255
254 254 255
254 254 255
254 254 255
254 254 254
254 254 254
251 251 249
255 255 253
252 252 250
235 235 233
227 228 223
226 227 222
218 219 214
224 217 211
215 208 202
199 192 186
197 190 184
183 178 172
138 133 129
121 116 112
152 149 144
154 150 147
152 148 145
147 146 142
134 133 131
136 135 133
123 122 120
89 89 87
97 97 95
141 134 142
150 143 150
138 131 138
142 133 138
146 137 140
142 132 133
137 127 126
110 98 98
133 119 119
190 176 176
198 182 185
214 197 203
206 186 195
226 206 217
240 218 230
229 207 220
180 161 165
232 213 217
233 217 220
220 204 207
234 219 222
217 202 205
206 194 196
222 212 213
246 236 237
245 236 237
238 232 232
229 223 223
226 222 221
230 226 225
234 230 229
233 229 228
219 219 219
229 229 229
221 221 221
230 230 230
227 227 227
254 254 254
253 253 253
254 254 254
254 254 254
254 254 254
254 254 254
254 254 254
254 254 254
254 254 254
254 254 254
254 254 254
255 255 255
255 255 255
254 253 255
254 253 255
254 253 255
254 254 255
254 254 255
254 254 255
254 254 255
254 254 254
254 254 254
251 251 249
255 255 253
251 251 249
234 234 232
227 228 223
227 228 223
220 221 216
223 218 212
215 210 204
199 194 188
195 190 184
184 179 173
137 134 129
116 113 108
142 139 134
148 147 143
140 139 135
141 140 136
132 131 129
135 135 133
131 131 129
103 103 101
104 104 102
134 127 135
153 146 154
148 141 148
150 141 146
149 140 143
147 136 140
147 137 138
125 113 115
114 99 102
195 180 183
204 187 193
221 204 210
215 195 204
227 207 218
242 220 233
233 211 224
170 151 155
215 196 200
240 221 225
212 196 199
240 224 227
234 219 222
213 201 203
237 225 227
242 232 233
243 234 235
240 231 232
230 224 224
227 221 221
230 226 225
235 231 230
235 231 230
219 219 219
229 229 229
221 221 221
230 230 230
227 227 227
254 254 254
253 253 253
254 254 254
254 254 254
254 254 254
254 254 254
254 254 254
254 254 254
254 254 254
254 254 254
254 254 254
255 255 255
255 255 255
254 253 255
254 253 255
254 253 255
254 254 255
254 254 255
254 254 255
254 254 255
254 254 254
255 255 255
251 251 249
255 255 253
251 251 249
234 234 232
228 229 224
228 229 224
221 222 217
223 218 212
218 213 207
201 196 190
194 189 183
183 180 173
141 138 133
114 111 106
129 128 123
153 152 148
138 137 133
140 141 136
136 136 134
140 140 138
139 139 137
116 116 114
115 115 113
122 115 123
154 147 155
161 154 161
164 154 162
158 149 154
153 142 146
156 146 147
137 125 127
98 83 86
203 188 191
213 196 202
234 217 225
235 215 226
237 217 228
250 228 241
249 227 240
186 167 171
176 157 161
237 218 222
218 202 205
237 221 224
250 235 238
234 219 222
250 238 240
240 230 231
245 235 236
245 236 237
239 230 231
232 226 226
233 227 227
233 229 228
231 227 226
219 219 219
229 229 229
221 221 221
230 230 230
227 227 227
254 254 254
253 253 253
254 254 254
254 254 254
254 254 254
254 254 254
254 254 254
254 254 254
254 254 254
254 254 254
254 254 254
255 255 255
255 255 255
254 253 255
254 253 255
254 253 255
254 254 255
254 254 255
254 254 255
254 254 255
254 254 254
255 255 255
251 251 249
255 255 253
251 251 249
234 234 232
228 229 224
228 229 224
222 223 218
223 218 212
220 215 209
202 197 191
193 188 182
183 180 173
143 140 135
113 110 105
122 121 116
163 162 158
144 143 139
146 147 142
143 143 141
146 146 144
145 145 143
123 123 121
123 123 121
104 97 105
145 138 146
161 154 161
166 156 164
156 147 152
148 137 141
152 142 143
135 123 125
73 58 61
192 177 180
204 187 193
230 213 221
239 219 230
234 214 225
245 223 236
253 231 244
200 179 184
136 117 121
224 205 209
221 202 206
221 205 208
248 232 235
240 225 228
246 234 236
241 229 231
247 237 238
250 241 242
245 236 237
238 232 232
235 229 229
232 226 226
228 222 222
219 219 219
229 229 229
221 221 221
230 230 230
227 227 227
254 254 254
253 253 253
254 254 254
254 254 254
254 254 254
254 254 254
254 254 254
254 254 254
254 254 254
254 254 254
254 254 254
255 255 255
255 255 255
254 253 255
254 253 255
254 253 255
254 254 255
254 254 255
254 254 255
254 254 255
254 254 254
253 253 253
251 251 249
255 255 253
254 254 252
236 236 234
227 228 223
226 227 222
218 219 214
212 207 201
215 210 204
206 201 195
188 183 177
177 172 166
163 160 155
133 130 125
99 96 91
153 152 148
143 142 138
151 150 146
146 145 143
144 144 142
145 145 143
128 128 126
130 130 128
111 104 112
135 128 136
159 152 159
159 150 155
152 143 146
162 151 155
163 153 154
146 134 136
94 79 82
166 151 154
209 192 198
222 205 211
241 221 230
213 193 204
237 215 228
248 226 239
205 184 189
127 106 111
212 191 196
235 216 220
231 212 216
244 228 231
247 232 235
246 231 234
222 210 212
219 209 210
240 230 231
250 241 242
234 225 226
229 223 223
235 229 229
226 220 220
225 225 225
224 224 224
221 221 221
224 224 224
224 224 224
255 255 255
248 248 248
254 254 254
254 254 254
254 254 254
254 254 254
254 254 254
254 254 254
254 254 254
254 254 254
254 254 254
255 255 255
255 255 255
254 253 255
254 253 255
254 253 255
254 254 255
254 254 255
254 254 255
254 254 255
254 254 254
247 247 247
246 246 244
254 254 252
254 254 252
239 239 237
233 234 229
234 235 230
228 229 224
230 223 217
222 215 209
203 196 190
181 174 168
165 160 154
153 148 144
131 126 122
108 103 99
139 135 132
145 141 138
162 158 155
149 148 146
145 144 142
149 148 146
128 127 125
120 119 117
129 122 129
103 96 103
149 143 147
189 180 185
155 146 149
152 142 143
167 157 156
140 128 128
107 93 93
149 135 135
197 181 184
208 191 197
228 208 217
206 186 195
221 199 211
241 219 231
192 171 176
131 110 115
181 160 165
228 209 213
195 176 180
217 201 204
232 216 219
255 242 245
211 199 201
221 209 211
237 227 228
239 229 230
221 212 213
218 209 210
230 224 224
239 233 233
225 225 225
223 223 223
221 221 221
223 223 223
224 224 224
255 255 255
248 248 248
254 254 254
254 254 254
254 254 254
254 254 254
254 254 254
254 254 254
254 254 254
254 254 254
254 254 254
255 255 255
255 255 255
254 253 255
254 253 255
254 253 255
254 254 255
254 254 255
254 254 255
254 254 255
254 254 254
255 255 255
254 254 252
254 254 252
243 243 241
215 215 213
199 200 195
193 194 189
184 185 180
186 177 172
178 169 164
170 161 156
165 156 151
160 153 147
150 142 139
133 125 122
117 112 108
123 118 115
142 137 134
166 162 159
154 150 149
149 145 144
155 151 150
132 128 127
118 114 113
131 125 129
111 105 109
109 103 105
143 134 137
169 160 161
162 152 151
148 138 136
152 141 139
101 87 86
119 105 104
197 181 182
215 199 202
239 220 226
226 207 213
215 194 203
234 213 222
191 168 174
147 126 131
150 129 134
227 206 211
182 163 167
214 195 199
227 211 214
255 241 244
230 215 218
246 234 236
254 244 245
249 239 240
240 231 232
229 220 221
228 219 220
239 230 231
224 224 224
223 223 223
220 220 220
223 223 223
224 224 224
255 255 255
248 248 248
254 254 254
254 254 254
254 254 254
254 254 254
254 254 254
254 254 254
254 254 254
254 254 254
254 254 254
255 255 255
255 255 255
254 253 255
254 253 255
254 253 255
254 254 255
254 254 255
254 254 255
254 254 255
254 254 254
253 253 253
251 251 249
255 255 253
248 248 246
225 225 223
213 214 209
212 213 208
206 207 202
219 208 204
209 198 194
202 191 187
202 191 187
195 184 180
176 166 164
157 147 145
146 136 134
110 102 100
120 112 110
147 139 137
148 142 142
152 146 146
158 152 152
141 135 135
137 131 131
135 129 131
141 135 137
106 100 100
99 90 91
140 132 130
148 138 136
137 128 123
163 152 148
103 89 86
104 90 87
205 189 189
218 202 203
241 222 226
254 235 239
233 212 219
246 225 232
185 162 168
155 132 138
130 109 114
213 192 197
205 184 189
233 214 218
246 230 233
246 230 233
238 223 226
252 240 242
246 234 236
237 227 228
244 234 235
235 226 227
221 212 213
228 219 220
223 223 223
222 222 222
219 219 219
222 222 222
223 223 223
255 255 255
248 248 248
254 254 254
254 254 254
254 254 254
254 254 254
254 254 254
254 254 254
254 254 254
254 254 254
254 254 254
255 255 255
255 255 255
254 253 255
254 253 255
254 253 255
254 254 255
254 254 255
254 254 255
254 254 255
254 254 254
249 249 249
249 249 247
255 255 253
254 254 252
235 235 233
228 229 224
233 234 229
230 231 226
240 226 223
230 216 213
222 208 205
220 206 203
213 199 196
195 184 182
179 168 166
171 160 158
119 109 108
107 97 96
127 117 116
142 133 134
152 143 144
153 144 145
144 135 136
160 151 152
143 137 137
126 120 120
125 120 117
116 108 105
89 82 76
99 90 85
128 119 112
135 124 118
132 119 113
110 97 91
203 188 185
197 182 179
212 194 194
252 233 235
243 222 227
250 229 234
176 153 159
156 133 139
132 109 115
183 162 167
218 197 202
231 212 216
255 241 245
239 223 226
231 216 219
252 237 240
247 235 237
238 228 229
247 237 238
244 234 235
235 226 227
244 235 236
222 222 222
221 221 221
219 219 219
222 222 222
223 223 223
255 255 255
248 248 248
254 254 254
254 254 254
254 254 254
254 254 254
254 254 254
254 254 254
254 254 254
254 254 254
254 254 254
255 255 255
255 255 255
254 253 255
254 253 255
254 253 255
254 254 255
254 254 255
254 254 255
254 254 255
254 254 254
255 255 255
255 255 253
255 255 253
251 251 249
224 224 222
212 213 208
214 215 210
211 212 207
215 200 197
219 204 201
225 210 207
229 214 211
223 208 205
204 190 189
179 165 164
161 147 146
159 147 147
132 120 120
141 129 129
151 141 142
151 141 142
141 131 132
136 126 127
165 155 156
187 182 179
155 150 147
147 142 138
162 155 149
159 152 144
149 140 133
151 142 133
158 148 139
146 133 125
104 91 83
191 176 171
194 179 174
203 185 183
238 220 220
230 210 212
218 198 200
190 167 173
166 143 149
148 125 131
160 137 143
212 191 196
201 182 186
241 222 226
232 216 219
195 180 183
228 213 216
245 233 235
241 229 231
232 222 223
222 212 213
215 206 207
217 208 209
221 221 221
220 220 220
218 218 218
221 221 221
223 223 223
255 255 255
248 248 248
255 255 255
254 254 254
254 254 254
254 254 254
254 254 254
254 254 254
254 254 254
254 254 254
254 254 254
255 255 255
255 255 255
254 253 255
254 253 255
254 253 255
254 254 255
254 254 255
254 254 255
254 254 255
254 254 254
253 253 253
254 254 252
255 255 253
254 254 252
231 231 229
222 223 218
227 228 223
226 227 222
244 226 224
251 233 231
251 233 231
240 222 220
221 206 203
200 184 184
168 152 152
141 125 125
159 145 145
144 130 130
155 141 141
154 142 144
146 134 136
140 128 130
142 130 132
176 164 166
172 167 163
149 144 140
119 114 108
127 120 114
156 149 141
153 144 135
136 128 117
143 133 123
142 129 120
79 66 57
164 149 142
208 193 188
226 208 206
241 223 221
231 211 212
204 184 185
195 172 178
150 127 133
131 108 114
145 122 128
210 189 194
191 170 175
217 198 202
233 217 220
235 219 222
242 227 230
246 234 236
236 224 226
223 213 214
229 219 220
235 225 226
226 217 218
220 220 220
219 219 219
217 217 217
221 221 221
222 222 222
255 255 255
248 248 248
255 255 255
254 254 254
254 254 254
254 254 254
254 254 254
254 254 254
254 254 254
254 254 254
254 254 254
255 255 255
255 255 255
254 253 255
254 253 255
254 253 255
254 254 255
254 254 255
254 254 255
254 254 255
254 254 254
253 253 253
254 254 252
255 255 253
252 252 250
227 227 225
217 218 213
222 223 218
221 222 217
230 210 209
226 208 206
206 188 186
175 157 155
161 143 141
161 143 143
153 137 137
138 122 122
111 95 96
116 102 102
141 127 127
142 127 130
136 124 126
146 134 136
161 149 151
196 184 186
177 172 168
149 144 140
151 146 140
131 124 116
87 80 70
121 113 102
162 154 143
136 126 114
146 134 122
60 47 38
134 120 111
209 194 187
242 224 220
252 234 232
255 235 236
234 214 215
173 148 154
105 82 88
86 63 69
131 108 114
218 197 202
207 186 191
212 193 197
243 227 230
251 235 238
207 192 195
165 153 155
139 127 129
141 131 132
188 178 179
227 217 218
222 213 214
220 220 220
219 219 219
217 217 217
221 221 221
222 222 222
255 255 255
248 248 248
255 255 255
254 254 254
254 254 254
254 254 254
254 254 254
254 254 254
254 254 254
254 254 254
254 254 254
255 255 255
255 255 255
254 254 254
254 254 254
254 254 254
254 254 254
254 254 254
254 254 254
254 254 254
254 254 254
251 251 251
250 250 250
255 255 255
252 252 252
231 231 231
224 224 224
227 227 227
224 224 224
237 223 222
216 202 201
180 166 165
151 137 136
152 138 137
169 155 154
173 159 158
163 149 148
157 143 142
160 146 145
165 151 150
174 160 159
185 171 170
195 181 180
204 190 189
210 196 195
211 202 193
193 183 174
137 122 115
82 63 57
98 73 69
163 132 130
193 154 155
177 135 137
166 121 124
140 95 98
110 68 70
136 97 98
201 165 165
228 197 195
228 198 196
237 209 206
178 163 170
143 126 132
112 93 97
105 80 84
154 125 129
178 144 145
157 119 118
190 150 148
188 149 144
196 157 152
164 130 121
143 110 101
176 149 140
218 194 184
232 212 201
241 223 211
227 227 227
214 214 214
214 214 214
223 223 223
222 222 222
255 255 255
253 253 253
253 253 253
254 254 254
254 254 254
254 254 254
254 254 254
254 254 254
254 254 254
254 254 254
254 254 254
255 255 255
255 255 255
254 254 254
254 254 254
254 254 254
254 254 254
254 254 254
254 254 254
254 254 254
254 254 254
253 253 253
251 251 251
255 255 255
251 251 251
229 229 229
221 221 221
223 223 223
219 219 219
235 221 220
230 216 215
214 200 199
199 185 184
202 188 187
219 205 204
226 212 211
221 207 206
228 214 213
227 213 212
226 212 211
225 211 210
225 211 210
225 211 210
225 211 210
225 211 210
206 199 189
233 224 215
240 227 219
208 189 183
172 147 143
161 131 129
163 127 127
163 123 124
157 115 117
170 128 130
173 133 134
155 119 119
127 93 92
105 75 73
122 94 91
160 135 131
195 182 189
200 185 190
195 176 180
151 129 132
122 93 97
97 65 66
104 68 68
182 144 141
217 178 173
201 164 158
176 141 135
180 150 142
209 182 173
214 192 181
210 192 182
227 209 199
224 224 224
218 218 218
220 220 220
222 222 222
209 209 209
246 246 246
246 246 246
255 255 255
254 254 254
254 254 254
254 254 254
254 254 254
254 254 254
254 254 254
254 254 254
254 254 254
255 255 255
255 255 255
254 254 254
254 254 254
254 254 254
254 254 254
254 254 254
254 254 254
254 254 254
254 254 254
253 253 253
252 252 252
255 255 255
251 251 251
230 230 230
221 221 221
224 224 224
220 220 220
228 217 215
235 224 222
235 224 222
228 217 215
226 215 213
233 222 220
236 225 223
234 223 221
232 221 219
231 220 218
229 218 216
227 216 214
223 212 210
220 209 207
217 206 204
215 204 202
210 206 195
216 209 199
217 207 198
202 187 180
175 154 149
161 133 130
172 141 139
193 157 157
165 129 129
177 141 141
197 161 161
187 156 154
152 122 120
139 114 110
169 145 141
200 179 174
219 208 214
229 216 223
230 213 219
196 176 178
157 132 135
121 91 91
121 87 86
181 146 144
176 141 137
205 170 164
184 154 146
149 120 112
173 149 139
229 209 200
244 226 216
226 209 199
216 216 216
211 211 211
215 215 215
224 224 224
221 221 221
255 255 255
253 253 253
251 251 251
254 254 254
254 254 254
254 254 254
254 254 254
254 254 254
254 254 254
254 254 254
254 254 254
255 255 255
255 255 255
254 254 254
254 254 254
254 254 254
254 254 254
254 254 254
254 254 254
254 254 254
254 254 254
253 253 253
252 252 252
255 255 255
253 253 253
233 233 233
225 225 225
228 228 228
225 225 225
227 219 216
235 227 224
237 229 226
230 222 219
224 216 213
223 215 212
222 214 211
219 211 208
227 219 216
229 221 218
231 223 220
232 224 221
232 224 221
232 224 221
230 222 219
229 221 218
229 229 219
218 215 206
216 209 201
226 215 209
236 218 214
236 215 212
241 215 214
251 221 221
223 191 192
180 148 149
153 123 123
142 114 113
138 114 112
172 151 148
219 200 196
237 219 215
217 208 213
218 207 213
210 198 202
208 189 191
214 192 194
199 173 172
167 137 135
159 128 125
179 148 143
210 179 174
204 175 169
146 121 114
94 74 65
103 85 75
159 145 136
215 201 192
224 224 224
222 222 222
225 225 225
225 225 225
214 214 214
254 254 254
250 250 250
253 253 253
254 254 254
254 254 254
254 254 254
254 254 254
254 254 254
254 254 254
254 254 254
254 254 254
255 255 255
255 255 255
254 254 254
254 254 254
254 254 254
254 254 254
254 254 254
254 254 254
254 254 254
254 254 254
253 253 253
252 252 252
255 255 255
253 253 253
232 232 232
224 224 224
226 226 226
223 223 223
230 225 222
231 226 223
231 226 223
228 223 220
228 223 220
230 225 222
230 225 222
228 223 220
223 218 215
224 219 216
225 220 217
226 221 218
225 220 217
224 219 216
222 217 214
221 216 213
217 220 209
222 224 213
230 227 218
236 229 221
237 226 220
238 223 218
240 221 217
243 219 217
244 220 218
228 204 202
233 209 207
239 218 215
227 209 205
228 213 208
232 219 213
217 206 200
218 212 216
233 227 231
229 218 222
225 210 213
236 218 218
232 211 210
197 173 169
153 128 123
172 144 140
186 161 154
201 178 170
199 179 170
183 166 158
158 144 135
118 105 97
76 66 57
138 138 138
167 167 167
208 208 208
229 229 229
222 222 222
255 255 255
252 252 252
253 253 253
254 254 254
254 254 254
254 254 254
254 254 254
254 254 254
254 254 254
254 254 254
254 254 254
255 255 255
255 255 255
254 254 254
254 254 254
254 254 254
254 254 254
254 254 254
254 254 254
254 254 254
254 254 254
254 254 254
253 253 253
255 255 255
252 252 252
230 230 230
221 221 221
223 223 223
219 219 219
229 225 222
225 221 218
221 217 214
222 218 215
226 222 219
230 226 223
231 227 224
230 226 223
234 230 227
234 230 227
234 230 227
234 230 227
234 230 227
233 229 226
232 228 225
231 227 224
225 233 222
227 233 223
225 228 219
219 219 211
220 215 209
229 220 215
236 222 219
236 221 218
245 227 225
241 223 221
242 227 224
238 224 221
226 215 211
227 218 213
234 227 221
235 228 222
218 216 219
241 236 240
234 228 230
229 219 220
231 217 216
233 218 215
222 203 199
177 156 151
174 154 147
204 184 177
214 195 188
187 170 162
177 162 155
215 205 196
238 229 222
219 210 203
121 121 121
125 125 125
143 143 143
171 171 171
197 197 197
255 255 255
255 255 255
250 250 250
254 254 254
254 254 254
254 254 254
254 254 254
254 254 254
254 254 254
254 254 254
254 254 254
255 255 255
255 255 255
254 254 254
254 254 254
254 254 254
254 254 254
254 254 254
254 254 254
254 254 254
254 254 254
252 252 252
251 251 251
255 255 255
253 253 253
234 234 234
227 227 227
231 231 231
228 228 228
229 230 225
226 227 222
224 225 220
226 227 222
227 228 223
226 227 222
226 227 222
226 227 222
218 219 214
218 219 214
218 219 214
219 220 215
220 221 216
221 222 217
222 223 218
223 224 219
212 222 211
211 219 208
214 220 210
225 228 219
236 236 228
238 233 227
229 222 216
219 210 205
227 216 212
234 223 219
233 224 219
234 227 221
240 235 229
234 231 224
220 217 210
213 213 205
217 217 219
225 223 226
214 210 211
223 217 217
229 219 218
229 218 214
235 222 216
203 188 181
188 171 164
143 128 121
135 120 113
156 143 135
165 154 148
184 175 168
219 212 206
241 234 228
238 238 238
197 197 197
153 153 153
139 139 139
157 157 157
238 238 238
252 252 252
250 250 250
254 254 254
254 254 254
254 254 254
254 254 254
254 254 254
254 254 254
254 254 254
254 254 254
255 255 255
255 255 255
254 254 254
254 254 254
254 254 254
254 254 254
254 254 254
254 254 254
254 254 254
254 254 254
248 248 248
248 248 248
255 255 255
255 255 255
241 241 241
237 237 237
243 243 243
242 242 242
239 241 238
240 242 239
245 247 244
248 250 247
248 250 247
244 246 243
243 245 242
245 247 244
249 251 248
248 250 247
246 248 245
244 246 243
243 245 242
244 246 243
245 247 244
246 248 245
248 255 250
242 252 243
242 249 241
246 251 244
245 248 241
237 238 232
243 240 235
255 252 247
246 241 237
255 250 246
241 238 233
235 232 227
252 251 246
255 255 250
250 251 245
254 255 250
247 248 250
248 248 250
238 238 238
255 254 253
252 247 244
236 228 225
251 242 237
236 225 219
236 225 219
225 214 208
229 218 212
227 218 211
218 211 205
238 230 227
253 248 244
241 236 232
238 238 238
245 245 245
249 249 249
237 237 237
216 216 216
255 255 255
250 250 250
248 248 248
254 254 254
254 254 254
254 254 254
254 254 254
254 254 254
254 254 254
254 254 254
254 254 254
255 255 255
255 255 255
254 254 254
254 254 254
254 254 254
254 254 254
254 254 254
254 254 254
254 254 254
254 254 254
254 254 254
254 254 254
254 254 254
254 254 254
254 254 254
254 254 254
254 254 254
254 254 254
253 255 252
253 255 252
253 255 252
253 255 252
253 255 252
253 255 252
253 255 252
253 255 252
253 255 252
253 255 252
253 255 252
253 255 252
253 255 252
253 255 252
253 255 252
253 255 252
247 255 250
248 255 250
248 255 250
250 255 250
251 255 250
253 255 250
254 255 250
254 255 250
255 254 250
255 254 250
254 255 250
254 255 250
253 255 250
253 255 250
251 255 250
251 255 250
250 254 255
252 253 255
252 254 253
253 253 251
254 253 249
255 253 248
255 252 246
255 252 246
255 252 244
255 252 246
255 252 246
255 252 246
255 252 248
255 252 249
255 252 249
255 252 251
253 253 253
253 253 253
253 253 253
253 253 253
253 253 253
253 253 253
253 253 253
253 253 253
254 254 254
254 254 254
254 254 254
254 254 254
254 254 254
254 254 254
254 254 254
254 254 254
255 255 255
255 255 255
254 254 254
254 254 254
254 254 254
254 254 254
254 254 254
254 254 254
254 254 254
254 254 254
254 254 254
254 254 254
254 254 254
254 254 254
254 254 254
254 254 254
254 254 254
254 254 254
251 255 252
251 255 252
251 255 252
251 255 252
251 255 252
251 255 252
251 255 252
251 255 252
251 255 252
251 255 252
251 255 252
251 255 252
251 255 252
251 255 252
251 255 252
251 255 252
248 255 252
248 255 252
248 255 252
250 255 252
251 255 252
251 255 252
253 255 252
253 255 252
253 255 252
253 255 252
253 255 252
253 255 252
251 255 252
251 255 252
251 255 252
251 255 252
250 254 255
250 254 255
252 253 255
252 254 253
253 253 251
254 253 249
255 253 248
255 253 246
255 253 246
255 252 246
255 252 248
255 252 249
255 252 249
255 252 251
255 252 253
255 252 253
253 253 253
253 253 253
253 253 253
253 253 253
253 253 253
253 253 253
253 253 253
253 253 253
254 254 254
254 254 254
254 254 254
254 254 254
254 254 254
254 254 254
254 254 254
254 254 254
255 255 255
255 255 255
254 254 254
254 254 254
254 254 254
254 254 254
254 254 254
254 254 254
254 254 254
254 254 254
254 254 254
254 254 254
254 254 254
254 254 254
254 254 254
254 254 254
254 254 254
254 254 254
251 255 254
251 255 254
251 255 254
251 255 254
251 255 254
251 255 254
251 255 254
251 255 254
251 255 254
251 255 254
251 255 254
251 255 254
251 255 254
251 255 254
251 255 254
251 255 254
250 255 252
250 255 252
250 255 252
250 255 252
251 255 252
251 255 252
251 255 252
251 255 252
251 255 252
251 255 252
251 255 252
251 255 252
251 255 252
251 255 252
251 255 252
251 255 252
250 254 255
250 254 255
252 253 255
252 254 253
252 254 251
253 254 249
253 254 248
254 253 248
254 253 248
254 253 248
255 252 249
255 252 249
255 252 251
255 252 253
255 251 255
255 251 255
253 253 253
253 253 253
253 253 253
253 253 253
253 253 253
253 253 253
253 253 253
253 253 253
254 254 254
254 254 254
254 254 254
254 254 254
254 254 254
254 254 254
254 254 254
254 254 254
255 255 255
255 255 255
254 254 254
254 254 254
254 254 254
254 254 254
254 254 254
254 254 254
254 254 254
254 254 254
254 254 254
254 254 254
254 254 254
254 254 254
254 254 254
254 254 254
254 254 254
254 254 254
253 255 254
253 255 254
253 255 254
253 255 254
253 255 254
253 255 254
253 255 254
253 255 254
253 255 254
253 255 254
253 255 254
253 255 254
253 255 254
253 255 254
253 255 254
253 255 254
253 255 254
253 255 254
253 255 254
251 255 254
251 255 254
251 255 254
251 255 254
251 255 254
251 255 254
251 255 254
251 255 254
251 255 254
251 255 254
251 255 254
251 255 254
251 255 254
250 254 255
250 254 255
252 253 255
252 254 253
252 254 251
252 254 249
252 254 249
253 254 248
253 254 249
254 253 249
254 253 251
254 253 251
254 252 253
255 251 255
255 251 255
255 251 255
253 253 253
253 253 253
253 253 253
253 253 253
253 253 253
253 253 253
253 253 253
253 253 253
254 254 254
254 254 254
254 254 254
254 254 254
254 254 254
254 254 254
254 254 254
254 254 254
255 255 255
255 255 255
254 254 254
254 254 254
254 254 254
254 254 254
254 254 254
254 254 254
254 254 254
254 254 254
254 254 254
254 254 254
254 254 254
254 254 254
254 254 254
254 254 254
254 254 254
254 254 254
253 255 254
253 255 254
253 255 254
253 255 254
253 255 254
253 255 254
253 255 254
253 255 254
253 255 254
253 255 254
253 255 254
253 255 254
253 255 254
253 255 254
253 255 254
253 255 254
254 254 254
254 254 254
254 254 254
254 254 254
253 255 254
253 255 254
253 255 254
253 255 254
253 255 254
253 255 254
253 255 254
253 255 254
253 255 254
253 255 254
253 255 254
253 255 254
252 253 255
252 253 255
252 253 255
252 254 253
252 254 251
252 254 251
252 254 249
252 254 249
253 254 249
253 254 249
253 253 251
254 252 253
254 252 255
255 251 255
255 251 255
255 251 255
253 253 253
253 253 253
253 253 253
253 253 253
253 253 253
253 253 253
253 253 253
253 253 253
254 254 254
254 254 254
254 254 254
254 254 254
254 254 254
254 254 254
254 254 254
254 254 254
255 255 255
255 255 255
254 254 254
254 254 254
254 254 254
254 254 254
254 254 254
254 254 254
254 254 254
254 254 254
254 254 254
254 254 254
254 254 254
254 254 254
254 254 254
254 254 254
254 254 254
254 254 254
253 255 254
253 255 254
253 255 254
253 255 254
253 255 254
253 255 254
253 255 254
253 255 254
253 255 254
253 255 254
253 255 254
253 255 254
253 255 254
253 255 254
253 255 254
253 255 254
255 252 255
255 252 255
255 253 255
255 253 255
254 254 255
254 254 255
253 254 255
253 254 255
253 254 255
253 254 255
253 254 255
253 254 255
254 254 255
254 254 255
254 254 255
254 254 255
252 253 255
252 253 255
252 253 255
252 254 253
252 254 253
252 254 251
252 254 249
252 254 249
252 254 249
253 253 251
253 253 253
254 252 255
255 251 255
255 251 255
255 250 255
255 249 255
253 253 253
253 253 253
253 253 253
253 253 253
253 253 253
253 253 253
253 253 253
253 253 253
254 254 254
254 254 254
254 254 254
254 254 254
254 254 254
254 254 254
254 254 254
254 254 254
255 255 255
255 255 255
254 254 254
254 254 254
254 254 254
254 254 254
254 254 254
254 254 254
254 254 254
254 254 254
254 254 254
254 254 254
254 254 254
254 254 254
254 254 254
254 254 254
254 254 254
254 254 254
254 254 254
254 254 254
254 254 254
254 254 254
254 254 254
254 254 254
254 254 254
254 254 254
254 254 254
254 254 254
254 254 254
254 254 254
254 254 254
254 254 254
254 254 254
254 254 254
255 252 255
255 252 255
255 252 255
255 252 255
255 253 255
255 253 255
254 254 255
254 254 255
253 254 255
253 254 255
254 254 255
254 254 255
254 254 255
255 253 255
255 253 255
255 253 255
253 252 255
253 252 255
252 253 255
252 254 253
252 254 253
252 254 251
252 254 251
252 254 251
252 254 251
253 253 251
253 253 253
254 252 255
255 251 255
255 251 255
255 249 255
255 249 255
253 253 253
253 253 253
253 253 253
253 253 253
253 253 253
253 253 253
253 253 253
253 253 253
254 254 254
254 254 254
254 254 254
254 254 254
254 254 254
254 254 254
254 254 254
254 254 254
255 255 255
255 255 255
254 254 254
254 254 254
254 254 254
254 254 254
254 254 254
254 254 254
254 254 254
254 254 254
254 254 254
254 254 254
254 254 254
254 254 254
254 254 254
254 254 254
254 254 254
254 254 254
254 254 255
254 254 255
254 254 255
254 254 255
254 254 255
254 254 255
254 254 255
254 254 255
254 254 255
254 254 255
254 254 255
254 254 255
254 254 255
254 254 255
254 254 255
254 254 255
255 251 255
255 251 255
255 252 255
255 252 255
255 252 255
255 253 255
254 254 255
254 254 255
254 254 255
254 254 255
254 254 255
254 254 255
255 253 255
255 253 255
255 253 255
255 253 255
253 252 255
253 252 255
252 253 255
252 253 255
252 254 253
252 254 251
252 254 251
252 254 251
252 254 251
253 253 251
253 253 253
254 252 255
255 251 255
255 250 255
255 249 255
255 249 255
253 253 253
253 253 253
253 253 253
253 253 253
253 253 253
253 253 253
253 253 253
253 253 253
254 254 254
254 254 254
254 254 254
254 254 254
254 254 254
254 254 254
254 254 254
254 254 254
255 255 255
255 255 255
254 254 254
254 254 254
254 254 254
254 254 254
254 254 254
254 254 254
254 254 254
254 254 254
254 254 254
254 254 254
254 254 254
254 254 254
254 254 254
254 254 254
254 254 254
254 254 254
254 254 254
254 254 254
254 254 254
254 254 254
254 254 254
254 254 254
254 254 254
254 254 254
254 254 254
254 254 254
254 254 254
254 254 254
254 254 254
254 254 254
254 254 254
254 254 254
254 254 254
254 254 254
254 254 254
254 254 254
254 254 254
254 254 254
254 254 254
254 254 254
254 254 254
254 254 254
254 254 254
254 254 254
254 254 254
254 254 254
254 254 254
254 254 254
254 254 254
254 254 254
254 254 254
254 254 254
254 254 254
254 254 254
254 254 254
254 254 254
254 254 254
254 254 254
254 254 254
254 254 254
254 254 254
254 254 254
254 254 254
254 254 254
254 254 254
254 254 254
254 254 254
254 254 254
254 254 254
254 254 254
254 254 254
254 254 254
255 255 255
255 255 255
255 255 255
255 255 255
255 255 255
255 255 255
255 255 255
255 255 255
255 255 255
255 255 255
254 254 254
254 254 254
254 254 254
254 254 254
254 254 254
254 254 254
254 254 254
254 254 254
254 254 254
254 254 254
254 254 254
254 254 254
254 254 254
254 254 254
254 254 254
254 254 254
254 254 254
254 254 254
254 254 254
254 254 254
254 254 254
254 254 254
254 254 254
254 254 254
254 254 254
254 254 254
254 254 254
254 254 254
254 254 254
254 254 254
254 254 254
254 254 254
254 254 254
254 254 254
254 254 254
254 254 254
254 254 254
254 254 254
254 254 254
254 254 254
254 254 254
254 254 254
254 254 254
254 254 254
254 254 254
254 254 254
254 254 254
254 254 254
254 254 254
254 254 254
254 254 254
254 254 254
254 254 254
254 254 254
254 254 254
254 254 254
254 254 254
254 254 254
254 254 254
254 254 254
254 254 254
254 254 254
254 254 254
254 254 254
254 254 254
254 254 254
254 254 254
254 254 254
254 254 254
254 254 254
254 254 254
254 254 254
255 255 255
255 255 255
255 255 255
255 255 255
255 255 255
255 255 255
255 255 255
255 255 255
255 255 255
255 255 255
