65 130
212 206 206
211 205 205
211 205 205
211 205 205
210 204 204
210 204 204
210 204 204
210 204 204
213 207 207
213 207 207
213 207 207
213 207 207
213 207 207
213 207 207
213 207 207
213 207 207
209 208 206
209 208 206
209 208 206
209 208 206
209 208 206
209 208 206
209 208 206
209 208 206
209 208 206
209 208 206
209 208 206
209 208 206
209 208 206
209 208 206
209 208 206
209 208 206
215 213 214
214 212 213
212 210 211
210 208 209
207 205 206
205 203 204
203 201 202
202 200 201
200 198 199
200 198 199
200 198 199
200 198 199
200 198 199
200 198 199
200 198 199
200 198 199
200 198 199
200 198 199
200 198 199
200 198 199
200 198 199
200 198 199
200 198 199
200 198 199
201 199 200
201 199 200
200 198 199
200 198 199
200 198 199
199 197 198
199 197 198
199 197 198
197 195 196
197 195 196
197 195 196
197 195 196
196 194 195
196 194 195
196 194 195
195 193 194
196 194 195
196 194 195
196 194 195
196 194 195
195 193 194
195 193 194
194 192 193
194 192 193
197 195 198
196 194 197
196 194 197
196 194 197
195 193 196
195 193 196
195 193 196
194 192 195
194 192 195
194 192 195
194 192 195
193 191 194
193 191 194
192 190 193
192 190 193
192 190 193
177 193 206
179 193 206
182 192 204
184 190 202
189 189 199
191 188 197
193 188 195
194 187 194
193 187 191
193 188 192
193 191 194
193 194 198
188 196 198
186 197 199
182 198 198
179 197 197
195 193 196
193 191 194
191 189 192
192 190 193
193 191 194
193 191 194
192 190 193
190 188 191
185 183 186
187 185 188
191 189 192
193 191 194
193 191 194
191 189 192
187 185 188
185 183 186
189 182 190
189 182 190
212 206 206
212 206 206
212 206 206
212 206 206
211 205 205
211 205 205
210 204 204
210 204 204
211 205 205
211 205 205
211 205 205
211 205 205
211 205 205
211 205 205
211 205 205
211 205 205
209 208 206
209 208 206
209 208 206
209 208 206
209 208 206
209 208 206
209 208 206
209 208 206
209 208 206
209 208 206
209 208 206
209 208 206
209 208 206
208 207 205
208 207 205
208 207 205
206 204 205
205 203 204
205 203 204
204 202 203
203 201 202
202 200 201
201 199 200
201 199 200
200 198 199
200 198 199
200 198 199
200 198 199
200 198 199
200 198 199
200 198 199
200 198 199
200 198 199
200 198 199
200 198 199
200 198 199
200 198 199
200 198 199
200 198 199
200 198 199
201 199 200
201 199 200
200 198 199
200 198 199
200 198 199
199 197 198
199 197 198
199 197 198
198 196 197
197 195 196
197 195 196
197 195 196
196 194 195
196 194 195
196 194 195
196 194 195
196 194 195
196 194 195
196 194 195
196 194 195
195 193 194
195 193 194
194 192 193
194 192 193
197 195 198
197 195 198
197 195 198
196 194 197
196 194 197
196 194 197
195 193 196
195 193 196
196 194 197
195 193 196
195 193 196
195 193 196
194 192 195
194 192 195
194 192 195
193 191 194
180 193 202
182 192 202
183 192 201
186 190 199
189 189 197
191 188 195
194 187 194
194 187 194
194 188 192
195 189 193
193 191 194
192 193 195
190 196 196
186 196 195
184 196 194
181 195 195
192 190 193
190 188 191
188 186 189
189 187 190
190 188 191
190 188 191
189 187 190
187 185 188
187 185 188
188 186 189
188 186 189
189 187 190
188 186 189
187 185 188
186 184 187
186 184 187
190 183 191
190 183 191
213 207 207
213 207 207
213 207 207
213 207 207
212 206 206
212 206 206
212 206 206
211 205 205
211 205 205
211 205 205
211 205 205
211 205 205
211 205 205
211 205 205
211 205 205
211 205 205
210 209 207
210 209 207
210 209 207
210 209 207
210 209 207
210 209 207
210 209 207
210 209 207
209 208 206
209 208 206
209 208 206
208 207 205
208 207 205
207 206 204
207 206 204
207 206 204
199 197 198
199 197 198
200 198 199
200 198 199
201 199 200
201 199 200
201 199 200
201 199 200
200 198 199
200 198 199
200 198 199
200 198 199
200 198 199
200 198 199
200 198 199
200 198 199
200 198 199
200 198 199
200 198 199
200 198 199
200 198 199
200 198 199
200 198 199
200 198 199
201 199 200
201 199 200
200 198 199
200 198 199
200 198 199
199 197 198
199 197 198
199 197 198
198 196 197
198 196 197
198 196 197
197 195 196
197 195 196
196 194 195
196 194 195
196 194 195
196 194 195
196 194 195
196 194 195
196 194 195
195 193 194
195 193 194
194 192 193
194 192 193
197 195 198
197 195 198
197 195 198
196 194 197
196 194 197
196 194 197
195 193 196
195 193 196
197 195 198
197 195 198
196 194 197
196 194 197
195 193 196
195 193 196
195 193 196
195 193 196
188 193 199
188 193 199
189 192 199
191 192 197
193 190 197
195 190 197
196 189 196
196 189 196
195 189 193
196 190 194
195 191 192
194 192 193
192 194 191
189 194 190
187 193 189
186 192 188
191 189 192
189 187 190
188 186 189
188 186 189
189 187 190
190 188 191
188 186 189
186 184 187
188 186 189
187 185 188
185 183 186
183 181 184
183 181 184
183 181 184
184 182 185
185 183 186
188 181 189
188 181 189
214 208 208
214 208 208
214 208 208
213 207 207
213 207 207
213 207 207
212 206 206
212 206 206
214 208 208
214 208 208
214 208 208
214 208 208
214 208 208
214 208 208
214 208 208
214 208 208
210 209 207
210 209 207
210 209 207
210 209 207
210 209 207
210 209 207
210 209 207
210 209 207
209 208 206
209 208 206
208 207 205
207 206 204
207 206 204
206 205 203
206 205 203
205 204 202
200 198 199
200 198 199
201 199 200
201 199 200
202 200 201
203 201 202
203 201 202
203 201 202
201 199 200
201 199 200
201 199 200
201 199 200
201 199 200
201 199 200
201 199 200
201 199 200
200 198 199
200 198 199
200 198 199
200 198 199
200 198 199
200 198 199
200 198 199
200 198 199
201 199 200
201 199 200
200 198 199
200 198 199
200 198 199
199 197 198
199 197 198
199 197 198
198 196 197
198 196 197
198 196 197
198 196 197
197 195 196
197 195 196
196 194 195
196 194 195
196 194 195
196 194 195
196 194 195
196 194 195
195 193 194
195 193 194
194 192 193
194 192 193
196 194 197
196 194 197
195 193 196
195 193 196
195 193 196
194 192 195
194 192 195
194 192 195
196 194 197
196 194 197
196 194 197
195 193 196
195 193 196
194 192 195
194 192 195
194 192 195
193 191 192
193 191 192
193 191 194
193 191 194
195 190 196
195 190 196
195 190 196
195 190 196
195 190 196
195 190 194
195 191 192
195 191 190
192 191 187
191 190 185
191 191 183
190 190 182
193 191 194
191 189 192
189 187 190
190 188 191
191 189 192
191 189 192
190 188 191
188 186 189
186 184 187
185 183 186
183 181 184
182 180 183
181 179 182
181 179 182
182 180 183
182 180 183
187 180 188
187 180 188
214 208 208
214 208 208
214 208 208
213 207 207
213 207 207
213 207 207
212 206 206
212 206 206
213 207 207
213 207 207
213 207 207
213 207 207
213 207 207
213 207 207
213 207 207
213 207 207
209 208 206
209 208 206
209 208 206
209 208 206
209 208 206
209 208 206
209 208 206
209 208 206
209 208 206
208 207 205
208 207 205
207 206 204
206 205 203
205 204 202
204 203 201
204 203 201
203 201 202
203 201 202
203 201 202
202 200 201
202 200 201
202 200 201
202 200 201
202 200 201
201 199 200
201 199 200
201 199 200
201 199 200
201 199 200
201 199 200
201 199 200
201 199 200
200 198 199
200 198 199
200 198 199
200 198 199
200 198 199
200 198 199
200 198 199
200 198 199
201 199 200
201 199 200
200 198 199
200 198 199
200 198 199
199 197 198
199 197 198
199 197 198
199 197 198
199 197 198
198 196 197
198 196 197
198 196 197
197 195 196
197 195 196
197 195 196
196 194 195
196 194 195
196 194 195
196 194 195
195 193 194
195 193 194
194 192 193
194 192 193
194 192 195
194 192 195
194 192 195
193 191 194
193 191 194
193 191 194
192 190 193
192 190 193
195 193 196
194 192 195
194 192 195
194 192 195
193 191 194
193 191 194
193 191 194
192 190 193
198 190 187
198 190 187
196 191 188
196 190 192
195 190 194
193 191 196
193 190 197
193 190 197
194 191 198
193 191 196
193 191 192
194 190 189
194 189 185
194 190 181
196 189 179
196 190 178
192 190 193
190 188 191
188 186 189
189 187 190
190 188 191
190 188 191
189 187 190
187 185 188
182 180 183
183 181 184
184 182 185
184 182 185
183 181 184
182 180 183
181 179 182
180 178 181
189 182 190
189 182 190
213 207 207
213 207 207
213 207 207
213 207 207
212 206 206
212 206 206
212 206 206
211 205 205
209 203 203
209 203 203
209 203 203
209 203 203
209 203 203
209 203 203
209 203 203
209 203 203
207 206 204
207 206 204
207 206 204
207 206 204
207 206 204
207 206 204
207 206 204
207 206 204
208 207 205
208 207 205
207 206 204
206 205 203
205 204 202
204 203 201
203 202 200
202 201 199
202 200 201
202 200 201
201 199 200
201 199 200
200 198 199
199 197 198
199 197 198
199 197 198
202 200 201
202 200 201
202 200 201
202 200 201
202 200 201
202 200 201
202 200 201
202 200 201
200 198 199
200 198 199
200 198 199
200 198 199
200 198 199
200 198 199
200 198 199
200 198 199
201 199 200
201 199 200
200 198 199
200 198 199
200 198 199
199 197 198
199 197 198
199 197 198
199 197 198
199 197 198
199 197 198
199 197 198
198 196 197
198 196 197
197 195 196
197 195 196
196 194 195
196 194 195
196 194 195
196 194 195
195 193 194
195 193 194
194 192 193
194 192 193
194 192 195
194 192 195
194 192 195
194 192 195
193 191 194
193 191 194
193 191 194
192 190 193
194 192 195
194 192 195
193 191 194
193 191 194
193 191 194
192 190 193
192 190 193
192 190 193
200 189 183
199 190 185
198 190 187
196 190 190
193 191 194
192 191 197
191 191 199
189 192 201
189 192 199
190 191 196
190 189 194
190 189 187
193 188 184
196 189 181
197 189 178
199 189 177
188 186 189
187 185 188
185 183 186
185 183 186
187 185 188
187 185 188
185 183 186
184 182 185
181 179 182
183 181 184
184 182 185
185 183 186
185 183 186
184 182 185
183 181 184
182 180 183
194 187 195
194 187 195
212 206 206
212 206 206
212 206 206
212 206 206
211 205 205
211 205 205
210 204 204
210 204 204
207 201 201
207 201 201
207 201 201
207 201 201
207 201 201
207 201 201
207 201 201
207 201 201
205 204 202
205 204 202
205 204 202
205 204 202
205 204 202
205 204 202
205 204 202
205 204 202
208 207 205
208 207 205
207 206 204
205 204 202
204 203 201
203 202 200
202 201 199
201 200 198
200 198 199
200 198 199
200 198 199
200 198 199
199 197 198
199 197 198
199 197 198
199 197 198
202 200 201
202 200 201
202 200 201
202 200 201
202 200 201
202 200 201
202 200 201
202 200 201
200 198 199
200 198 199
200 198 199
200 198 199
200 198 199
200 198 199
200 198 199
200 198 199
201 199 200
201 199 200
200 198 199
200 198 199
200 198 199
199 197 198
199 197 198
199 197 198
200 198 199
200 198 199
199 197 198
199 197 198
198 196 197
198 196 197
198 196 197
198 196 197
196 194 195
196 194 195
196 194 195
196 194 195
195 193 194
195 193 194
194 192 193
194 192 193
197 195 198
197 195 198
196 194 197
196 194 197
195 193 196
195 193 196
195 193 196
195 193 196
195 193 196
195 193 196
195 193 196
194 192 195
194 192 195
193 191 194
193 191 194
193 191 194
198 187 181
197 188 183
196 188 186
193 189 190
190 189 194
187 190 197
184 191 201
184 190 202
185 191 203
184 191 201
186 189 196
188 188 190
192 188 187
196 189 183
198 189 180
200 190 180
188 186 189
186 184 187
184 182 185
185 183 186
186 184 187
186 184 187
185 183 186
183 181 184
184 182 185
184 182 185
184 182 185
184 182 185
185 183 186
186 184 187
187 185 188
188 186 189
195 188 196
195 188 196
212 206 206
211 205 205
211 205 205
211 205 205
210 204 204
210 204 204
210 204 204
210 204 204
208 202 202
208 202 202
208 202 202
208 202 202
208 202 202
208 202 202
208 202 202
208 202 202
204 203 201
204 203 201
204 203 201
204 203 201
204 203 201
204 203 201
204 203 201
204 203 201
208 207 205
207 206 204
206 205 203
205 204 202
203 202 200
202 201 199
201 200 198
200 199 197
200 198 199
200 198 199
200 198 199
201 199 200
201 199 200
202 200 201
202 200 201
202 200 201
202 200 201
202 200 201
202 200 201
202 200 201
202 200 201
202 200 201
202 200 201
202 200 201
200 198 199
200 198 199
200 198 199
200 198 199
200 198 199
200 198 199
200 198 199
200 198 199
201 199 200
201 199 200
200 198 199
200 198 199
200 198 199
199 197 198
199 197 198
199 197 198
200 198 199
200 198 199
199 197 198
199 197 198
199 197 198
198 196 197
198 196 197
198 196 197
196 194 195
196 194 195
196 194 195
196 194 195
195 193 194
195 193 194
194 192 193
194 192 193
199 197 200
199 197 200
198 196 199
198 196 199
198 196 199
197 195 198
197 195 198
197 195 198
196 194 197
196 194 197
196 194 197
196 194 197
195 193 196
195 193 196
195 193 196
194 192 195
196 188 185
196 188 186
193 189 188
190 190 192
187 190 197
184 191 201
182 192 204
180 192 204
180 192 204
181 191 201
182 189 199
185 188 193
188 188 190
193 189 188
198 190 187
199 192 186
190 188 191
188 186 189
186 184 187
187 185 188
188 186 189
188 186 189
187 185 188
185 183 186
188 186 189
186 184 187
183 181 184
182 180 183
183 181 184
187 185 188
191 189 192
194 192 195
192 185 193
192 185 193
211 205 205
210 204 204
210 204 204
210 204 204
209 203 203
209 203 203
209 203 203
208 202 202
207 201 201
207 201 201
207 201 201
208 202 202
209 203 203
209 203 203
210 204 204
210 204 204
206 205 203
206 205 203
205 204 202
205 204 202
204 203 201
203 202 200
203 202 200
202 201 199
205 204 202
205 204 202
205 204 202
204 203 201
204 203 201
204 203 201
203 202 200
203 202 200
202 200 201
202 200 201
202 200 201
202 200 201
202 200 201
202 200 201
202 200 201
202 200 201
202 200 201
202 200 201
202 200 201
202 200 201
202 200 201
202 200 201
202 200 201
202 200 201
203 201 202
203 201 202
203 201 202
203 201 202
203 201 202
203 201 202
203 201 202
203 201 202
209 207 208
201 199 200
198 196 197
201 199 200
201 199 200
195 193 194
194 192 193
197 195 196
202 200 201
201 199 200
199 197 198
198 196 197
197 195 196
197 195 196
197 195 196
198 196 197
198 196 197
197 195 196
196 194 195
194 192 193
194 192 193
194 192 193
194 192 193
194 192 193
199 197 200
198 196 199
197 195 198
196 194 197
195 193 196
195 193 196
195 193 196
196 194 197
196 194 197
196 194 197
195 193 196
195 193 196
194 192 195
193 191 194
192 190 193
192 190 193
193 189 188
190 188 189
188 188 190
185 188 193
182 189 197
181 191 200
181 193 205
181 195 206
177 191 204
181 193 205
183 193 203
182 189 197
187 190 195
194 193 198
194 192 195
191 187 188
188 186 189
189 187 190
190 188 191
190 188 191
190 188 191
189 187 190
187 185 188
186 184 187
182 180 183
185 183 186
188 186 189
189 187 190
189 187 190
190 188 191
191 189 192
193 191 194
195 188 196
195 188 196
211 205 205
211 205 205
210 204 204
210 204 204
210 204 204
209 203 203
209 203 203
209 203 203
207 201 201
207 201 201
208 202 202
208 202 202
209 203 203
209 203 203
210 204 204
210 204 204
206 205 203
206 205 203
205 204 202
205 204 202
204 203 201
204 203 201
203 202 200
203 202 200
206 205 203
205 204 202
205 204 202
205 204 202
204 203 201
204 203 201
204 203 201
203 202 200
202 200 201
202 200 201
202 200 201
202 200 201
202 200 201
202 200 201
202 200 201
202 200 201
202 200 201
202 200 201
202 200 201
202 200 201
202 200 201
202 200 201
202 200 201
202 200 201
201 199 200
201 199 200
201 199 200
201 199 200
201 199 200
201 199 200
201 199 200
201 199 200
200 198 199
199 197 198
199 197 198
200 198 199
199 197 198
197 195 196
199 197 198
203 201 202
201 199 200
201 199 200
200 198 199
200 198 199
199 197 198
199 197 198
199 197 198
199 197 198
197 195 196
197 195 196
196 194 195
195 193 194
195 193 194
195 193 194
196 194 195
196 194 195
198 196 199
198 196 199
197 195 198
196 194 197
195 193 196
196 194 197
196 194 197
197 195 198
197 195 198
197 195 198
196 194 197
195 193 196
194 192 195
193 191 194
192 190 193
191 189 192
194 193 198
192 193 197
188 191 196
186 191 197
184 191 197
183 192 199
184 194 203
184 194 203
188 198 208
182 192 202
176 185 194
177 184 194
189 193 202
199 202 209
198 198 206
190 189 197
186 184 187
187 185 188
188 186 189
189 187 190
189 187 190
188 186 189
187 185 188
186 184 187
187 185 188
190 188 191
193 191 194
193 191 194
191 189 192
189 187 190
189 187 190
190 188 191
192 185 193
192 185 193
211 205 205
211 205 205
211 205 205
210 204 204
210 204 204
209 203 203
209 203 203
209 203 203
208 202 202
208 202 202
208 202 202
209 203 203
209 203 203
209 203 203
210 204 204
210 204 204
206 205 203
206 205 203
206 205 203
205 204 202
205 204 202
205 204 202
204 203 201
204 203 201
206 205 203
206 205 203
205 204 202
205 204 202
205 204 202
204 203 201
204 203 201
204 203 201
203 201 202
203 201 202
203 201 202
203 201 202
203 201 202
203 201 202
203 201 202
203 201 202
203 201 202
203 201 202
203 201 202
203 201 202
203 201 202
203 201 202
203 201 202
203 201 202
201 199 200
201 199 200
201 199 200
201 199 200
201 199 200
201 199 200
201 199 200
201 199 200
199 197 198
205 203 204
206 204 205
203 201 202
200 198 199
203 201 202
206 204 205
207 205 206
200 198 199
201 199 200
201 199 200
201 199 200
201 199 200
201 199 200
200 198 199
199 197 198
197 195 196
197 195 196
196 194 195
196 194 195
196 194 195
197 195 196
198 196 197
198 196 197
197 195 198
197 195 198
196 194 197
196 194 197
196 194 197
197 195 198
198 196 199
199 197 200
198 196 199
198 196 199
197 195 198
195 193 196
194 192 195
193 191 194
192 190 193
191 189 192
192 195 200
191 194 199
189 192 197
188 191 196
187 191 194
187 191 194
188 192 195
188 192 195
179 183 186
194 198 201
204 207 212
198 201 208
186 189 198
181 184 193
184 186 198
187 189 201
185 183 186
186 184 187
187 185 188
188 186 189
188 186 189
188 186 189
187 185 188
187 185 188
193 191 194
195 193 196
197 195 198
197 195 198
193 191 194
189 187 190
186 184 187
186 184 187
190 183 191
190 183 191
212 206 206
211 205 205
211 205 205
211 205 205
210 204 204
210 204 204
210 204 204
209 203 203
209 203 203
209 203 203
209 203 203
209 203 203
209 203 203
210 204 204
210 204 204
210 204 204
207 206 204
206 205 203
206 205 203
206 205 203
206 205 203
206 205 203
206 205 203
206 205 203
206 205 203
206 205 203
206 205 203
205 204 202
205 204 202
205 204 202
204 203 201
204 203 201
204 202 203
204 202 203
204 202 203
204 202 203
204 202 203
204 202 203
204 202 203
204 202 203
204 202 203
204 202 203
204 202 203
204 202 203
204 202 203
204 202 203
204 202 203
204 202 203
204 202 203
204 202 203
204 202 203
204 202 203
204 202 203
204 202 203
204 202 203
204 202 203
204 202 203
208 206 207
207 205 206
201 199 200
200 198 199
205 203 204
205 203 204
201 199 200
199 197 198
200 198 199
201 199 200
201 199 200
201 199 200
200 198 199
199 197 198
199 197 198
197 195 196
197 195 196
197 195 196
197 195 196
197 195 196
199 197 198
200 198 199
201 199 200
197 195 198
196 194 197
196 194 197
196 194 197
197 195 198
198 196 199
199 197 200
200 198 201
199 197 200
199 197 200
197 195 198
196 194 197
194 192 195
193 191 194
192 190 193
191 189 192
189 192 199
189 192 197
190 191 195
191 191 191
194 190 187
195 190 184
197 190 182
197 190 182
195 188 180
194 187 181
191 186 183
193 189 190
198 197 203
203 203 213
196 198 211
186 188 203
187 185 188
188 186 189
188 186 189
189 187 190
189 187 190
189 187 190
189 187 190
189 187 190
193 191 194
196 194 197
198 196 199
198 196 199
194 192 195
189 187 190
186 184 187
185 183 186
191 184 192
191 184 192
212 206 206
212 206 206
212 206 206
211 205 205
211 205 205
210 204 204
210 204 204
210 204 204
210 204 204
210 204 204
210 204 204
210 204 204
210 204 204
210 204 204
210 204 204
210 204 204
207 206 204
207 206 204
207 206 204
207 206 204
207 206 204
207 206 204
207 206 204
207 206 204
207 206 204
207 206 204
206 205 203
206 205 203
206 205 203
205 204 202
205 204 202
205 204 202
205 203 204
205 203 204
205 203 204
205 203 204
205 203 204
205 203 204
205 203 204
205 203 204
205 203 204
205 203 204
205 203 204
205 203 204
205 203 204
205 203 204
205 203 204
205 203 204
205 203 204
205 203 204
205 203 204
205 203 204
205 203 204
205 203 204
205 203 204
205 203 204
204 202 203
203 201 202
199 197 198
197 195 196
199 197 198
204 202 203
202 200 201
196 194 195
200 198 199
200 198 199
200 198 199
200 198 199
200 198 199
199 197 198
198 196 197
198 196 197
199 197 198
199 197 198
198 196 197
198 196 197
199 197 198
200 198 199
201 199 200
202 200 201
197 195 198
197 195 198
197 195 198
197 195 198
197 195 198
198 196 199
200 198 201
200 198 201
199 197 200
198 196 199
198 196 199
196 194 197
195 193 196
194 192 195
193 191 194
192 190 193
190 191 196
192 191 196
195 191 190
199 192 186
204 191 182
207 191 175
209 191 171
211 190 169
223 202 183
223 204 189
217 200 190
205 192 186
195 186 189
193 188 195
191 189 202
188 187 203
191 189 192
191 189 192
191 189 192
191 189 192
191 189 192
191 189 192
191 189 192
192 190 193
191 189 192
193 191 194
196 194 197
196 194 197
193 191 194
190 188 191
188 186 189
188 186 189
194 187 195
194 187 195
212 206 206
212 206 206
212 206 206
212 206 206
211 205 205
211 205 205
211 205 205
210 204 204
211 205 205
211 205 205
211 205 205
211 205 205
210 204 204
210 204 204
210 204 204
209 203 203
207 206 204
207 206 204
207 206 204
208 207 205
208 207 205
209 208 206
209 208 206
209 208 206
207 206 204
207 206 204
207 206 204
206 205 203
206 205 203
206 205 203
205 204 202
205 204 202
206 204 205
206 204 205
206 204 205
206 204 205
206 204 205
206 204 205
206 204 205
206 204 205
206 204 205
206 204 205
206 204 205
206 204 205
206 204 205
206 204 205
206 204 205
206 204 205
203 201 202
203 201 202
203 201 202
203 201 202
203 201 202
203 201 202
203 201 202
203 201 202
207 205 206
201 199 200
199 197 198
203 201 202
206 204 205
205 203 204
205 203 204
207 205 206
204 202 203
203 201 202
201 199 200
200 198 199
199 197 198
199 197 198
199 197 198
199 197 198
201 199 200
201 199 200
200 198 199
200 198 199
200 198 199
201 199 200
202 200 201
202 200 201
199 197 200
198 196 199
198 196 199
197 195 198
197 195 198
198 196 199
199 197 200
200 198 201
198 196 199
198 196 199
197 195 198
196 194 197
196 194 197
195 193 196
195 193 196
194 192 195
194 194 196
198 194 195
203 194 189
208 194 183
214 193 174
219 192 165
221 190 159
224 189 157
214 179 147
218 187 159
220 192 171
215 193 180
208 193 190
203 192 198
192 186 198
182 180 194
195 193 196
194 192 195
193 191 194
192 190 193
191 189 192
191 189 192
192 190 193
192 190 193
190 188 191
192 190 193
194 192 195
194 192 195
192 190 193
191 189 192
191 189 192
193 191 194
196 189 197
196 189 197
213 207 207
213 207 207
212 206 206
212 206 206
212 206 206
211 205 205
211 205 205
211 205 205
212 206 206
212 206 206
211 205 205
211 205 205
210 204 204
210 204 204
209 203 203
209 203 203
207 206 204
207 206 204
208 207 205
208 207 205
209 208 206
209 208 206
210 209 207
210 209 207
208 207 205
207 206 204
207 206 204
207 206 204
206 205 203
206 205 203
206 205 203
205 204 202
206 204 205
206 204 205
206 204 205
206 204 205
206 204 205
206 204 205
206 204 205
206 204 205
206 204 205
206 204 205
206 204 205
206 204 205
206 204 205
206 204 205
206 204 205
206 204 205
203 201 202
203 201 202
203 201 202
203 201 202
203 201 202
203 201 202
203 201 202
203 201 202
208 206 207
202 200 201
204 202 203
213 211 212
208 206 207
196 194 195
201 199 200
216 214 215
211 209 210
208 206 207
204 202 203
201 199 200
199 197 198
200 198 199
201 199 200
202 200 201
203 201 202
203 201 202
202 200 201
201 199 200
201 199 200
201 199 200
202 200 201
202 200 201
200 198 201
200 198 201
199 197 200
198 196 199
198 196 199
198 196 199
199 197 200
199 197 200
196 194 197
196 194 197
196 194 197
196 194 197
196 194 197
196 194 197
196 194 197
196 194 197
198 194 195
202 194 191
206 193 184
213 192 175
219 189 163
222 186 152
226 182 143
226 181 139
202 157 116
180 136 101
157 120 91
165 134 116
197 174 166
220 206 206
213 203 212
192 186 198
197 195 198
195 193 196
193 191 194
191 189 192
190 188 191
190 188 191
190 188 191
191 189 192
193 191 194
194 192 195
194 192 195
193 191 194
192 190 193
192 190 193
195 193 196
197 195 198
193 186 194
193 186 194
213 207 207
213 207 207
213 207 207
212 206 206
212 206 206
211 205 205
211 205 205
211 205 205
213 207 207
212 206 206
212 206 206
211 205 205
211 205 205
210 204 204
209 203 203
209 203 203
207 206 204
208 207 205
208 207 205
209 208 206
209 208 206
210 209 207
210 209 207
211 210 208
208 207 205
208 207 205
207 206 204
207 206 204
207 206 204
206 205 203
206 205 203
206 205 203
207 205 206
207 205 206
207 205 206
207 205 206
207 205 206
207 205 206
207 205 206
207 205 206
207 205 206
207 205 206
207 205 206
207 205 206
207 205 206
207 205 206
207 205 206
207 205 206
206 204 205
206 204 205
206 204 205
206 204 205
206 204 205
206 204 205
206 204 205
206 204 205
204 202 203
198 196 197
204 202 203
213 211 212
200 198 199
178 176 177
186 184 185
212 210 211
216 214 215
212 210 211
207 205 206
202 200 201
200 198 199
201 199 200
203 201 202
205 203 204
205 203 204
204 202 203
203 201 202
202 200 201
201 199 200
201 199 200
201 199 200
202 200 201
201 199 202
201 199 202
199 197 200
198 196 199
198 196 199
198 196 199
198 196 199
198 196 199
195 193 196
196 194 197
196 194 197
196 194 197
197 195 198
197 195 198
198 196 199
198 196 199
198 192 192
201 192 187
207 190 180
213 188 168
217 184 153
221 179 139
222 174 128
223 171 123
219 167 120
216 167 126
187 144 110
133 98 76
95 68 57
112 94 94
173 162 170
227 219 232
197 195 198
195 193 196
193 191 194
190 188 191
188 186 189
188 186 189
188 186 189
189 187 190
197 195 198
197 195 198
196 194 197
194 192 195
192 190 193
193 191 194
196 194 197
200 198 201
190 183 191
190 183 191
211 210 208
211 210 208
211 209 210
210 210 212
209 210 214
206 209 216
205 209 218
202 211 220
195 205 215
194 206 218
196 210 221
196 213 223
196 214 224
195 215 224
194 214 223
191 214 222
255 200 156
255 193 148
253 187 139
249 182 130
246 179 127
244 178 126
238 176 127
233 176 131
235 187 151
255 224 199
229 201 189
212 196 197
208 201 217
199 203 230
193 203 239
186 200 239
217 203 220
218 204 221
218 204 221
216 202 217
214 200 215
213 199 212
215 201 214
220 204 215
216 200 211
214 198 208
212 197 204
212 195 203
212 195 201
213 196 202
215 198 204
216 199 205
205 199 209
203 198 205
204 199 203
211 205 205
217 212 206
217 213 202
210 207 192
202 199 182
216 210 194
197 191 175
228 222 210
210 203 195
93 83 81
27 17 18
59 48 54
89 78 84
130 125 122
158 153 150
195 191 190
220 216 213
226 221 218
220 215 212
214 206 203
212 203 198
208 195 187
209 195 186
214 196 184
219 197 183
224 198 181
226 198 177
225 194 173
223 191 168
201 205 204
199 204 200
198 199 193
201 197 186
208 196 180
215 197 175
222 197 167
229 195 158
227 184 141
236 184 134
245 186 128
254 186 123
255 185 116
255 182 108
255 177 101
255 175 97
240 175 85
240 173 84
240 171 80
238 167 75
238 165 73
238 163 72
238 161 73
238 160 77
240 162 87
224 147 79
232 155 99
245 171 124
207 134 99
137 66 38
114 43 23
135 67 48
193 188 211
203 198 220
204 201 218
191 191 199
178 182 183
179 186 178
188 196 183
193 201 186
202 210 195
191 197 185
189 190 185
199 194 198
207 196 210
201 187 210
195 179 206
195 176 208
181 193 215
180 192 214
202 206 209
204 205 207
205 206 208
207 207 209
209 207 208
212 208 207
214 209 206
216 208 205
221 212 205
222 212 203
223 211 199
223 210 194
222 206 190
220 203 183
216 200 177
214 198 175
236 170 120
234 167 115
230 163 110
230 161 106
231 162 105
231 165 107
229 166 112
224 166 116
175 123 83
112 71 41
193 162 144
219 198 193
228 218 227
222 220 241
210 215 244
217 226 255
203 193 201
207 197 205
211 201 209
213 204 209
213 202 208
212 201 207
212 201 205
213 202 206
214 204 205
216 204 206
218 206 206
219 207 207
219 207 207
217 206 204
214 203 201
212 201 199
206 199 207
208 201 208
207 201 203
202 197 194
197 190 184
197 191 179
205 199 185
212 206 190
197 192 173
253 246 230
225 217 204
117 108 99
55 45 43
60 50 51
66 55 59
58 47 53
33 27 27
38 32 32
48 42 42
62 56 56
87 81 81
124 119 116
168 160 158
197 188 183
223 212 206
223 209 200
220 202 190
217 195 181
217 191 174
219 190 172
224 193 172
227 195 174
217 190 163
218 191 162
222 193 163
226 193 162
228 192 156
229 190 151
229 184 142
229 181 133
244 191 139
245 186 130
241 179 118
240 172 109
237 167 98
237 164 95
237 163 90
239 162 90
239 166 87
238 165 86
238 163 82
237 161 77
236 158 73
237 157 72
237 157 72
236 155 73
249 170 91
239 161 89
226 151 86
224 152 94
229 159 110
218 149 108
178 113 75
142 76 42
41 29 41
127 117 126
195 188 195
198 194 195
183 182 180
194 195 189
205 208 199
199 205 195
177 182 175
196 198 193
207 207 207
201 196 202
192 184 197
197 184 202
206 191 212
211 196 219
193 183 191
193 183 191
210 211 213
211 211 211
212 211 209
215 210 204
219 209 200
225 207 193
231 205 188
236 204 179
241 202 171
245 200 161
248 195 151
248 190 140
247 185 128
244 178 117
243 173 111
242 171 105
228 159 102
226 157 98
225 155 95
226 155 91
230 159 95
234 165 100
235 167 104
231 169 110
216 160 109
187 139 99
67 30 1
75 48 31
75 57 53
117 107 115
167 165 179
183 184 204
231 228 221
229 226 219
225 222 215
218 215 208
211 208 201
207 204 197
206 203 194
208 204 195
208 204 195
206 202 193
203 199 190
201 197 186
202 198 187
205 201 190
210 203 193
213 206 196
214 203 211
213 202 208
213 202 206
217 207 205
221 212 205
222 214 203
218 211 195
214 205 188
229 220 203
249 240 225
130 120 108
26 16 7
65 54 50
72 60 60
37 25 27
64 52 56
65 59 59
64 58 58
61 55 55
54 48 48
45 39 39
38 32 32
37 29 27
37 27 25
52 41 37
85 70 63
131 113 103
171 149 136
192 166 151
195 168 151
188 159 141
184 153 133
225 158 103
225 159 101
224 158 100
226 157 100
228 159 100
231 162 103
234 166 105
237 167 105
224 155 90
228 157 91
231 160 94
234 164 95
236 166 96
237 164 95
236 163 94
235 162 93
241 157 93
240 156 92
239 154 87
237 153 81
238 152 77
238 153 73
238 153 72
236 154 70
232 151 69
243 164 85
238 162 86
222 152 80
231 164 96
244 180 118
222 160 101
182 121 64
121 102 88
53 35 23
61 44 34
166 153 144
239 228 222
216 208 205
181 176 173
182 180 181
210 208 211
203 201 206
192 189 196
189 184 191
193 186 194
198 190 201
198 188 197
194 182 192
212 185 176
212 185 176
228 212 197
229 212 196
230 209 190
232 205 184
233 202 174
237 198 165
242 194 154
248 192 145
247 182 126
252 178 115
255 175 102
255 169 91
255 164 80
255 159 69
255 155 63
255 153 59
232 162 93
231 158 90
229 156 87
231 157 84
234 160 85
239 165 90
240 168 94
237 170 100
230 168 107
218 165 111
189 144 102
85 50 20
100 73 54
75 57 47
54 43 41
47 37 38
65 67 53
92 94 80
134 136 122
175 177 163
205 207 193
222 224 210
228 230 216
230 232 218
218 220 206
216 218 204
214 216 202
212 213 199
209 210 196
207 208 194
205 206 192
205 206 192
201 188 195
211 199 203
216 204 206
209 198 196
199 188 182
203 193 183
226 214 200
247 235 219
220 208 192
96 84 70
44 32 20
60 47 39
47 33 30
47 33 33
65 50 53
56 41 46
52 43 46
51 45 47
53 47 49
55 49 51
54 48 50
51 45 47
48 39 40
45 35 34
55 44 42
58 43 40
61 44 37
69 49 40
90 66 54
125 97 85
164 135 121
191 162 146
227 140 71
229 142 73
233 146 77
235 148 79
233 149 79
233 149 77
233 149 77
234 150 78
239 157 83
240 158 84
241 159 85
242 160 84
240 161 84
238 159 82
236 157 80
235 156 79
245 151 97
244 151 94
243 150 89
243 149 85
243 150 80
243 151 76
243 154 74
241 155 70
227 143 57
235 155 68
242 166 80
237 167 82
229 162 81
224 161 81
224 162 85
223 164 86
181 149 108
154 124 86
92 63 31
48 22 0
92 69 55
187 168 162
231 215 218
215 202 212
192 181 195
188 180 195
196 190 204
210 204 214
207 202 208
192 188 189
189 185 182
199 194 190
214 191 185
215 192 186
243 195 155
243 194 153
243 192 149
242 188 142
242 184 134
243 180 126
246 178 117
250 175 108
251 171 100
255 168 91
255 165 82
255 161 74
255 157 65
255 154 59
255 151 56
255 151 53
225 151 76
225 149 73
224 147 69
226 147 68
230 152 70
234 156 73
236 159 77
234 161 84
253 185 112
230 169 104
230 177 123
227 183 138
116 80 44
92 62 36
61 36 16
81 60 43
43 47 32
37 41 26
29 33 18
26 30 15
36 40 26
59 63 49
86 90 76
104 107 96
167 170 159
177 180 171
195 198 189
211 214 207
222 225 218
226 229 222
224 227 220
222 225 218
246 231 238
228 213 218
221 206 209
244 230 229
255 252 246
246 233 224
180 168 156
119 107 93
70 58 44
38 26 14
37 24 15
60 47 41
58 44 43
45 31 31
50 35 40
62 47 52
60 51 54
56 47 50
51 42 47
50 41 46
48 42 46
49 43 47
50 41 44
50 39 43
41 29 31
47 33 32
53 35 33
53 34 28
54 31 23
60 33 24
69 41 30
76 48 36
181 108 55
193 120 67
211 136 81
223 148 91
227 151 91
225 147 83
222 141 75
220 137 67
235 151 78
234 147 70
230 141 61
227 136 53
228 136 49
234 140 52
240 146 56
245 150 60
244 148 90
244 148 88
243 148 84
243 148 80
243 149 77
244 151 74
244 153 72
244 156 69
248 163 73
235 154 63
231 154 64
240 166 77
243 173 87
236 168 83
232 166 82
234 169 85
212 167 100
204 160 97
180 137 86
129 90 51
72 36 12
65 32 23
134 105 109
212 188 202
222 201 220
210 195 214
200 189 205
192 184 195
190 186 187
191 188 183
193 193 181
196 197 183
198 191 198
198 191 198
252 174 108
252 174 108
252 173 106
250 171 104
249 170 101
249 169 98
250 168 95
249 167 93
248 165 89
248 162 85
245 160 80
242 155 75
239 152 72
239 150 68
237 148 66
237 148 66
225 147 65
223 145 63
225 144 62
228 146 60
236 152 64
242 158 70
244 162 76
245 164 82
242 166 88
235 165 93
232 168 104
242 187 131
222 174 126
110 68 28
112 74 38
74 39 7
57 60 51
57 60 53
56 59 52
51 54 47
43 45 40
35 37 34
30 32 29
28 30 29
14 15 17
19 20 24
29 30 35
43 44 49
59 59 67
74 74 82
86 86 96
93 93 103
120 105 112
124 109 114
120 105 108
101 87 87
73 59 56
50 37 31
41 28 20
40 27 18
37 24 15
30 20 11
54 43 37
59 48 46
36 24 24
48 36 40
65 52 59
41 28 37
50 39 45
52 41 47
56 47 52
60 51 56
62 52 60
60 50 58
54 44 52
50 41 46
44 33 37
50 35 38
55 39 39
57 37 36
56 35 30
57 34 28
60 35 28
65 38 31
44 6 0
61 20 0
85 43 18
115 70 41
147 97 62
180 125 86
211 150 103
232 165 112
210 139 77
220 141 72
229 146 70
239 150 68
244 150 63
245 147 56
243 144 50
241 141 45
239 146 76
239 147 74
239 147 72
240 148 71
241 150 69
242 151 68
244 154 68
244 156 69
248 160 73
248 162 75
242 160 74
239 158 76
243 165 83
251 174 94
247 171 93
238 162 86
230 170 84
222 163 85
223 164 96
216 161 107
179 126 92
120 73 55
82 41 37
73 38 45
179 148 163
204 181 197
215 199 212
199 188 196
189 183 183
197 194 185
197 198 184
185 188 169
190 192 205
190 192 205
253 161 86
252 162 86
251 161 85
248 161 84
245 159 82
244 158 81
241 158 82
238 159 82
234 156 81
231 155 80
226 152 79
222 150 78
217 147 77
216 146 77
215 146 77
215 146 79
235 153 71
234 152 68
235 151 65
240 154 67
248 160 71
255 167 78
255 171 82
255 173 88
249 167 85
255 178 103
253 183 113
238 173 109
248 189 133
244 191 141
114 63 16
87 40 0
59 53 55
59 53 55
57 51 55
53 48 52
49 44 50
49 44 51
51 45 55
54 48 60
57 51 65
47 43 58
36 32 49
28 23 43
25 20 42
29 24 47
37 32 55
43 38 61
29 16 25
36 23 30
42 30 34
43 31 33
39 27 27
38 27 25
43 32 28
48 39 34
53 44 39
68 58 56
39 29 28
26 16 17
58 47 53
51 41 49
31 21 30
54 44 53
55 42 49
51 40 46
47 36 42
43 33 41
43 33 41
47 37 46
53 43 52
58 48 56
43 32 40
45 32 39
49 34 37
52 33 35
53 33 32
53 32 29
54 30 26
53 29 25
56 49 56
55 46 51
49 37 39
43 28 25
45 22 14
56 29 12
77 43 18
96 53 21
168 119 78
183 127 78
201 139 82
219 150 85
228 154 83
230 151 76
226 145 66
222 139 59
230 153 65
230 153 65
233 153 66
234 154 67
237 156 67
241 157 69
243 159 73
245 159 74
236 150 67
252 165 85
255 171 92
248 160 86
242 154 82
249 160 92
254 165 99
251 162 96
247 172 81
232 158 71
219 147 71
221 151 89
221 157 109
201 142 108
157 105 84
116 72 63
64 26 25
118 88 90
185 163 165
219 203 203
215 206 201
201 197 188
201 199 187
207 208 194
200 194 198
200 194 198
239 156 88
238 155 87
236 153 83
231 151 80
228 148 75
225 147 73
222 146 71
221 145 70
225 151 76
222 150 76
218 148 76
217 147 77
215 146 77
216 147 80
216 148 83
217 149 84
240 155 74
238 153 70
238 152 69
242 153 69
248 158 72
254 164 78
255 168 82
255 170 86
255 171 91
255 176 100
251 173 101
246 172 107
246 178 117
244 182 125
232 172 118
152 95 42
66 50 53
68 51 57
69 52 58
66 51 58
62 46 56
59 43 54
58 42 55
56 42 59
46 31 50
49 34 55
52 36 62
53 39 65
52 37 66
47 32 61
41 26 57
38 23 54
49 38 46
44 33 41
39 28 34
39 28 32
41 30 34
42 33 34
40 32 30
38 30 28
38 29 30
34 28 28
42 36 38
44 38 42
37 30 38
38 32 42
45 39 51
42 36 48
41 28 35
47 34 41
54 41 48
57 46 54
56 44 54
51 41 50
48 38 47
47 37 46
50 40 49
47 36 44
43 30 37
43 28 33
48 29 31
52 32 33
56 34 36
58 37 36
34 36 51
42 41 57
48 46 59
48 45 54
47 41 45
47 37 36
53 38 31
60 40 29
46 23 5
57 29 5
76 43 12
101 65 29
135 96 55
171 128 85
201 157 112
217 173 126
222 161 72
222 161 72
225 161 73
227 161 74
230 163 76
236 164 80
241 164 82
243 164 85
247 164 88
250 162 88
254 163 92
255 164 96
255 161 96
255 156 94
255 155 93
255 158 99
246 158 69
255 171 86
255 171 91
235 155 84
225 151 90
225 158 106
211 149 108
186 133 101
164 118 94
82 45 27
53 24 10
125 103 92
203 186 178
218 207 201
209 200 195
211 204 198
209 190 184
209 190 184
222 153 96
222 151 95
221 151 91
220 150 88
221 150 84
220 150 80
219 147 75
218 144 69
218 145 68
219 143 67
219 142 64
221 144 66
225 146 71
228 149 74
228 149 74
228 148 75
235 150 70
237 152 72
241 154 75
247 158 78
252 161 82
255 165 84
255 166 88
255 167 90
255 169 93
255 174 101
255 177 107
255 179 113
254 180 119
252 182 123
252 186 128
255 190 134
141 113 109
94 66 62
66 38 35
78 50 47
84 58 57
70 44 47
64 37 42
75 50 56
67 41 52
65 39 52
60 36 52
57 32 51
56 31 52
54 30 52
55 31 53
56 32 56
46 35 43
46 35 43
46 35 41
45 36 41
45 36 39
43 34 37
39 33 35
38 32 34
39 33 35
38 33 37
38 33 39
38 35 42
40 37 46
39 36 47
36 32 46
33 29 43
49 34 39
49 34 41
48 35 42
48 35 44
48 36 46
47 37 46
48 38 49
48 38 49
49 39 48
47 37 46
46 35 43
45 32 39
46 31 36
47 31 34
50 31 33
51 31 33
42 34 45
42 34 45
43 36 44
43 36 44
44 37 44
44 38 42
44 38 40
44 38 38
45 40 37
49 44 40
50 45 39
44 39 33
37 33 24
40 36 25
52 48 37
65 61 50
155 113 39
186 142 67
221 175 100
233 183 110
225 171 99
219 160 90
229 165 94
243 173 104
239 162 94
251 166 99
255 167 100
255 163 95
255 164 96
255 165 99
255 161 93
255 151 84
254 157 80
255 159 82
255 163 86
250 162 88
236 154 81
220 146 75
216 148 83
218 157 100
200 148 98
201 156 115
143 107 75
59 27 6
57 31 18
143 122 117
210 190 191
215 196 198
198 180 176
204 186 182
225 155 103
218 149 94
210 141 84
205 135 73
206 135 69
213 141 69
222 146 70
227 150 70
226 145 63
227 145 61
227 143 57
228 139 55
228 137 54
230 139 56
235 142 62
239 146 66
235 149 74
239 153 78
245 157 83
250 162 88
255 166 90
255 168 95
255 168 95
255 168 97
255 173 103
255 177 108
255 180 114
255 180 117
255 179 119
252 180 121
252 182 123
253 184 127
254 217 191
217 180 154
154 118 94
99 63 39
79 42 23
79 44 25
73 37 21
56 22 10
62 28 18
62 29 20
62 29 24
61 30 27
61 30 28
61 29 30
61 29 30
60 30 32
52 40 44
49 37 41
44 32 34
40 30 31
40 30 31
43 33 34
46 37 38
49 40 43
41 35 37
38 32 36
33 28 34
33 28 35
33 30 37
37 34 43
40 37 48
41 38 49
44 28 31
44 27 33
43 28 33
43 30 37
44 33 41
45 35 44
47 37 48
47 39 50
48 38 49
46 36 47
44 34 43
44 33 41
44 31 38
46 31 36
47 30 36
48 32 35
51 32 34
49 33 34
49 33 36
49 34 37
47 35 39
46 37 40
44 38 42
41 39 44
39 38 44
40 43 50
40 47 53
36 45 52
30 40 49
29 42 50
35 49 58
42 56 65
64 35 0
58 29 0
74 43 0
124 90 45
189 148 102
229 183 134
231 178 128
218 158 104
248 179 120
252 176 114
253 170 102
252 161 90
255 161 84
255 165 85
255 162 79
255 155 71
255 156 90
254 155 87
247 150 79
239 147 70
238 151 71
239 158 76
231 159 75
220 153 74
209 149 76
193 139 77
199 151 102
198 155 120
136 98 77
66 32 23
82 50 51
152 121 127
208 207 213
209 208 214
220 135 71
225 140 75
231 146 79
236 152 80
238 152 77
233 148 68
226 141 58
223 137 50
228 142 55
233 145 56
235 147 60
235 144 61
233 142 61
233 142 63
237 146 67
241 148 71
236 154 81
240 156 84
246 162 90
253 166 95
255 169 98
255 169 99
255 168 100
255 168 101
252 167 102
254 170 106
255 175 112
255 178 116
253 179 118
251 179 120
250 181 122
251 182 123
228 184 135
237 193 144
240 196 149
223 179 132
191 148 103
175 132 89
186 144 104
208 166 128
209 169 133
198 159 126
181 142 111
154 117 88
126 89 62
97 61 35
74 38 12
62 26 2
51 33 29
52 34 30
53 35 31
51 36 33
49 34 31
44 30 27
40 26 25
35 24 22
42 32 31
41 31 30
40 31 32
41 32 35
40 34 38
38 32 36
35 29 33
31 24 31
56 37 39
53 37 40
51 35 38
48 33 38
44 31 38
42 31 39
41 31 40
39 31 42
44 36 47
43 35 46
43 33 42
42 32 41
42 31 39
43 30 37
43 30 37
46 31 36
47 32 35
47 32 35
48 33 36
46 34 36
46 34 38
46 35 39
45 36 39
43 37 41
41 36 40
44 39 43
45 43 48
45 44 49
43 44 48
41 42 47
42 43 48
41 44 49
56 37 30
67 49 39
69 47 36
51 25 12
37 8 0
67 32 10
137 96 66
200 152 114
224 170 123
239 177 120
251 180 114
255 178 103
255 176 90
255 176 84
255 177 81
255 176 76
255 161 102
255 163 100
254 160 90
244 152 75
244 155 71
248 165 73
238 162 66
224 151 57
238 171 84
222 160 83
204 146 82
197 143 96
203 152 121
187 138 123
130 83 77
71 25 25
45 48 57
113 116 125
251 145 71
244 141 64
236 133 54
228 127 45
223 124 39
223 127 40
228 134 46
231 140 51
226 136 48
226 140 53
230 145 64
232 149 71
233 151 77
231 151 82
230 149 83
229 148 83
239 159 86
241 161 88
245 165 94
250 167 97
253 170 102
253 170 102
253 170 104
251 170 105
255 174 111
255 177 115
255 180 118
255 183 122
255 185 123
253 185 124
250 184 123
249 185 123
246 195 129
244 193 128
252 203 137
255 221 158
255 227 165
255 211 152
240 194 135
230 185 128
208 163 108
202 159 106
191 149 99
178 136 88
162 122 73
147 106 60
133 95 50
127 89 44
90 64 51
81 55 42
64 41 27
51 27 15
46 22 10
48 26 15
54 34 25
60 40 31
56 37 30
51 34 27
44 29 24
43 28 23
45 31 28
49 35 32
53 39 36
54 40 37
39 21 21
40 21 23
41 25 26
42 27 30
43 30 37
43 32 40
43 33 42
41 34 42
41 33 44
41 33 44
40 32 43
39 32 40
41 31 40
41 30 38
41 30 36
41 30 36
36 34 47
36 34 45
37 35 46
38 35 44
41 36 43
42 36 40
45 34 38
46 34 36
51 35 35
53 35 31
56 37 31
58 38 31
62 39 31
62 38 28
62 35 24
59 32 21
57 44 61
54 40 55
56 40 53
64 47 57
73 52 57
72 46 45
59 29 19
48 13 0
81 40 8
148 100 54
222 167 110
255 195 123
249 183 99
236 165 73
241 167 68
255 178 77
251 158 99
255 165 102
255 170 100
255 168 92
249 163 78
244 159 68
242 159 63
239 160 65
219 144 51
237 165 81
240 172 99
222 156 98
209 145 101
211 148 117
203 142 121
190 128 113
119 99 90
74 54 45
234 130 57
236 132 59
236 134 59
235 135 57
233 136 55
235 140 56
238 148 62
240 154 69
227 142 59
222 141 60
218 140 65
221 144 74
225 150 85
228 153 95
226 153 98
224 151 98
242 166 91
243 167 92
245 169 94
248 171 99
251 174 104
254 177 109
255 178 112
255 181 116
253 179 116
251 180 118
251 181 119
251 183 120
248 184 120
245 184 119
244 183 118
241 182 116
240 186 116
255 214 144
255 210 143
222 169 101
194 141 75
201 150 85
208 158 95
200 150 89
198 149 90
191 145 86
183 138 81
174 129 74
164 121 66
157 114 61
151 110 56
149 108 54
136 100 74
145 109 85
156 120 96
156 121 99
140 105 85
109 77 56
75 44 24
52 23 5
51 22 6
50 22 8
51 25 10
52 29 15
53 30 16
48 26 12
42 20 6
37 15 1
49 29 28
50 30 29
51 33 33
50 34 35
47 35 39
44 33 39
40 30 38
36 29 37
37 31 41
37 31 41
37 31 41
38 31 39
38 31 39
40 30 38
39 29 37
39 29 37
25 36 54
28 37 54
29 36 52
32 35 50
36 36 48
38 35 42
43 34 39
47 33 33
56 37 33
58 33 26
61 31 21
66 30 16
71 32 15
75 32 15
76 31 12
74 29 8
47 35 57
49 37 57
52 39 59
52 39 56
54 40 53
60 43 53
68 48 50
76 53 47
79 52 35
64 33 4
73 36 0
127 84 31
203 155 91
246 197 121
244 191 111
224 169 86
252 169 103
245 162 94
246 162 90
253 170 92
252 167 86
242 158 72
244 159 69
253 169 79
245 161 75
234 152 70
227 148 73
230 152 86
233 157 99
228 154 105
224 151 108
223 150 109
207 145 104
197 135 94
169 95 50
184 110 63
204 131 80
218 145 90
220 149 87
216 142 77
209 136 67
204 132 58
229 155 82
225 151 78
222 148 77
223 148 80
230 152 88
237 158 99
243 164 107
245 166 110
243 172 92
245 174 96
247 175 99
250 178 104
254 182 110
255 184 115
255 185 119
255 187 122
255 187 122
252 187 123
252 188 124
253 192 127
255 198 132
255 202 133
255 204 134
255 204 134
255 197 139
239 180 122
211 152 94
191 135 78
197 141 84
204 149 93
185 132 78
156 105 50
138 88 35
137 87 36
134 86 37
133 87 37
133 89 40
136 92 43
140 96 49
141 99 51
137 91 55
138 92 56
140 94 60
145 100 67
156 111 80
169 125 96
180 139 111
187 147 121
151 111 86
127 90 64
93 57 33
64 30 5
50 16 0
48 16 0
55 23 0
62 30 7
41 22 18
42 23 19
41 23 21
40 24 24
38 26 28
37 26 30
37 28 33
35 28 36
35 30 37
35 29 39
36 30 40
37 32 39
37 32 39
37 30 37
36 29 36
35 28 35
27 35 48
29 35 47
31 35 47
32 34 46
36 35 43
39 34 41
42 33 38
45 33 35
54 35 37
54 33 32
55 30 26
58 29 23
63 30 23
66 32 23
69 32 23
70 32 23
53 42 48
51 40 48
51 40 48
52 40 50
54 44 53
56 44 54
55 44 52
54 42 46
72 56 56
70 51 44
65 44 27
63 37 12
77 48 14
122 90 49
191 157 111
247 211 161
255 193 116
250 177 100
242 166 90
248 169 92
252 170 94
249 163 86
245 158 81
248 158 82
238 146 71
255 164 91
255 165 92
235 147 75
231 144 73
243 159 89
242 159 91
227 144 76
234 145 79
239 150 84
30 5 0
43 16 9
64 35 21
90 58 37
123 87 55
163 121 81
203 155 106
232 177 120
203 142 79
219 150 81
236 159 89
247 165 92
253 165 93
255 165 95
255 169 100
255 174 105
247 179 96
249 181 98
253 185 104
254 187 109
253 185 110
249 181 110
244 177 107
239 174 106
249 186 119
243 182 117
238 179 113
237 180 111
236 183 113
238 186 113
236 186 113
235 185 112
221 160 116
209 148 104
208 146 105
207 148 106
185 126 84
147 89 49
129 74 35
135 82 42
139 87 48
138 86 47
136 86 49
134 86 50
132 86 50
132 86 50
131 87 52
132 88 53
148 91 46
148 91 46
145 91 47
146 91 50
146 93 53
147 95 56
147 97 60
148 98 63
164 115 82
170 124 91
179 134 101
181 138 106
169 126 94
140 99 67
108 67 35
85 46 13
48 27 22
43 24 20
38 20 16
33 17 17
32 18 18
33 22 26
38 29 34
40 33 40
33 28 35
32 29 36
33 30 37
36 31 38
36 31 38
35 30 36
35 28 35
34 27 34
40 32 30
40 32 30
40 32 30
41 32 33
41 32 33
41 32 35
42 33 38
42 32 40
43 33 42
43 33 42
44 34 45
44 33 47
45 34 48
46 35 51
48 37 53
49 38 54
51 39 23
54 42 28
54 44 34
51 42 35
45 37 35
43 37 41
48 43 50
54 48 58
41 35 45
53 46 54
65 56 61
63 51 53
51 36 33
55 38 31
88 70 60
125 105 94
225 161 73
243 177 91
255 184 102
251 175 99
248 168 95
252 167 100
251 162 96
244 150 88
255 169 105
248 150 85
242 145 76
255 159 83
255 165 85
250 158 73
249 158 69
255 167 75
247 153 83
254 160 90
73 83 108
70 78 99
63 66 81
52 50 53
48 38 29
56 35 14
72 42 6
91 49 1
163 108 51
198 133 67
240 162 90
255 176 100
255 173 95
255 166 85
255 165 84
255 169 87
251 185 99
254 188 102
255 190 109
255 191 111
250 184 108
239 173 99
225 161 90
217 154 85
205 144 77
195 136 68
180 123 54
166 113 43
155 105 32
147 99 25
140 92 16
134 88 11
136 73 42
138 75 44
131 68 37
117 56 25
116 55 26
125 66 36
127 70 41
122 67 37
126 72 44
127 76 47
132 82 55
138 88 61
142 95 69
144 98 72
146 100 74
147 101 75
164 102 51
165 103 54
166 106 56
167 106 59
163 104 60
158 101 58
152 97 56
148 95 55
154 100 62
154 102 65
156 106 69
164 116 80
174 128 92
185 139 103
192 148 111
196 152 115
167 146 141
148 129 123
119 101 97
85 70 67
57 43 43
36 26 27
26 17 22
20 13 20
32 27 34
31 28 35
32 29 36
34 31 38
36 31 38
35 30 36
34 29 35
34 27 34
50 28 14
51 29 16
49 29 18
48 29 22
46 31 26
45 31 31
42 31 35
39 31 42
32 30 44
33 34 54
33 37 62
32 39 67
30 39 70
29 39 74
28 41 76
30 42 80
59 46 12
52 41 11
49 39 14
48 41 23
54 47 37
54 50 49
51 48 55
47 45 58
55 54 72
47 45 66
47 44 65
56 51 71
62 55 73
58 50 65
55 44 58
56 44 56
142 83 0
210 149 58
255 193 107
252 181 103
240 161 92
253 168 104
255 170 113
254 157 102
255 157 100
255 156 97
255 159 91
255 161 85
255 158 73
252 155 61
249 155 55
251 158 54
251 163 99
238 150 86
194 103 32
198 107 36
203 112 41
206 115 42
206 115 42
202 111 38
196 105 32
192 101 28
167 80 3
160 73 0
160 73 0
180 93 16
213 126 49
241 154 75
254 167 88
255 169 90
232 179 99
222 169 91
206 154 79
190 140 69
177 127 64
164 117 61
150 106 57
142 98 59
117 76 44
108 70 47
96 60 44
82 49 40
72 41 39
66 36 38
63 34 39
62 32 40
57 28 32
59 30 32
61 32 34
62 32 32
67 33 32
74 39 35
86 47 40
97 54 45
117 69 55
127 76 59
143 86 66
158 96 73
168 103 75
174 105 74
174 103 71
174 101 68
175 116 36
175 116 36
173 116 37
173 116 37
171 115 38
171 115 38
168 115 39
168 115 39
174 121 45
176 123 47
180 124 47
185 129 52
191 134 55
196 139 60
201 142 62
204 145 65
232 134 63
237 141 67
245 152 75
250 161 81
242 160 78
221 146 63
190 124 40
165 108 29
115 67 0
76 38 0
43 13 0
35 13 0
35 21 0
32 25 9
33 29 20
36 35 31
41 26 23
42 28 27
41 29 29
41 30 34
40 31 36
37 32 39
36 33 44
36 34 47
38 36 50
33 30 47
32 29 48
36 33 52
39 36 55
40 35 55
42 38 55
48 41 59
58 43 36
56 41 34
54 39 32
54 39 32
57 42 35
60 45 38
61 46 39
61 46 39
58 43 36
60 45 38
62 47 40
62 47 40
62 47 40
62 47 40
64 49 42
66 51 44
53 36 20
91 64 37
182 135 91
251 184 116
255 176 89
255 168 67
255 170 63
255 166 62
255 173 77
249 173 87
243 172 94
242 170 94
248 166 90
255 163 83
255 161 76
255 160 71
243 158 94
243 158 94
215 158 113
219 162 117
224 167 122
230 173 128
232 175 130
232 175 130
230 174 127
228 172 125
231 175 128
225 171 124
221 167 120
220 167 117
220 167 117
216 163 113
206 153 103
198 145 95
169 129 80
158 120 71
143 105 58
126 89 45
108 75 34
93 60 25
80 51 21
72 44 20
65 40 20
60 38 24
56 36 27
53 36 29
51 35 35
52 38 38
54 42 46
56 44 48
41 32 25
44 33 27
46 36 27
49 36 28
51 37 26
59 41 29
67 48 33
76 53 35
103 75 54
113 81 56
130 93 66
146 105 75
159 114 81
169 121 85
172 122 85
175 123 84
176 128 80
174 128 79
172 126 77
169 122 76
164 120 73
161 117 72
158 115 70
157 114 69
145 102 57
145 102 57
146 102 57
147 103 56
150 103 57
152 106 57
154 108 59
156 108 60
180 119 75
182 121 77
186 128 80
194 137 84
206 151 94
220 168 108
233 185 121
239 195 132
234 195 136
226 193 139
205 177 129
166 141 101
117 96 65
73 55 33
40 24 8
22 8 0
37 20 13
42 27 20
48 34 31
45 34 32
39 29 30
35 26 29
36 31 37
41 35 45
35 32 43
34 31 42
37 33 47
43 39 53
47 41 55
42 36 50
39 31 44
39 31 44
51 41 40
52 42 41
53 43 42
51 41 40
49 39 38
48 38 37
48 38 37
50 40 39
54 44 43
56 46 45
58 48 47
58 48 47
57 47 46
56 46 45
58 48 47
60 50 49
55 46 39
73 54 37
108 72 36
222 166 109
244 168 92
254 169 78
255 179 82
255 173 79
250 176 89
241 178 101
236 177 107
237 176 111
241 172 105
247 167 96
255 163 88
255 160 82
255 165 95
255 165 95
49 29 18
55 35 24
66 46 35
78 59 45
90 71 57
100 81 67
106 88 74
109 91 77
104 86 72
106 88 74
107 90 74
101 84 68
87 71 55
73 57 41
62 46 30
56 40 24
76 53 45
73 53 44
70 50 43
65 46 39
59 42 35
55 40 33
52 41 35
52 43 38
37 32 26
35 32 27
32 31 27
28 30 27
26 31 27
26 30 29
25 31 29
25 31 29
40 50 42
41 51 43
44 51 43
44 51 43
44 50 40
48 50 37
52 53 39
58 55 38
83 76 57
87 76 54
90 76 50
91 74 46
91 70 39
88 65 33
84 60 26
82 56 21
62 33 27
61 32 26
57 29 25
54 26 22
51 23 20
46 21 17
43 18 14
42 17 13
44 19 15
43 18 14
42 17 13
43 15 12
42 14 10
42 14 10
43 14 8
44 15 9
24 13 9
29 16 10
30 17 8
33 17 2
34 18 0
43 23 0
56 36 3
67 45 8
104 81 40
143 118 78
186 160 123
214 188 153
230 203 173
228 202 175
202 176 151
170 144 121
89 71 57
61 43 29
33 17 4
26 12 3
41 28 22
52 41 37
47 39 37
37 28 29
47 41 43
41 35 39
38 32 36
39 33 37
42 33 38
43 34 39
50 39 45
57 46 50
36 34 39
40 38 43
46 44 49
49 47 52
50 48 53
52 50 55
57 55 60
60 58 63
56 54 59
58 56 61
59 57 62
59 57 62
57 55 60
57 55 60
58 56 61
60 58 63
50 51 53
54 45 36
61 35 10
214 167 121
245 181 117
251 178 101
255 183 99
240 169 87
242 180 105
235 182 116
232 183 124
232 181 126
237 178 122
241 173 112
247 168 102
249 164 97
255 168 96
255 168 96
38 33 37
37 32 36
34 29 33
31 26 30
28 23 27
26 21 25
24 20 21
20 18 19
22 20 21
26 24 25
29 27 28
29 29 29
27 27 27
27 27 27
31 31 31
35 35 35
32 19 39
37 24 42
42 31 48
47 36 52
49 41 56
54 48 60
60 57 66
66 65 71
100 101 105
96 100 99
91 97 93
83 92 87
75 86 78
68 80 70
62 75 65
59 72 62
40 53 61
40 53 61
40 53 61
40 51 57
38 47 52
37 45 48
37 42 45
38 42 43
31 31 29
34 31 26
34 29 23
36 27 18
34 24 14
34 22 10
33 19 6
31 17 4
33 23 47
33 23 47
32 24 47
31 23 46
30 22 45
29 21 45
29 21 45
28 20 44
34 26 50
33 25 49
33 25 49
32 24 47
32 24 47
33 25 48
35 25 49
36 26 50
14 35 56
20 38 58
27 43 58
30 43 52
30 37 43
29 33 32
30 30 22
34 28 16
40 28 12
40 25 6
40 22 0
56 36 12
103 81 58
166 144 121
218 193 171
241 216 194
255 234 213
229 208 187
177 159 139
112 95 79
56 40 25
28 16 4
32 22 12
44 35 28
44 35 30
43 34 29
45 36 31
49 38 34
47 36 32
44 30 27
43 30 24
47 34 28
50 49 57
49 48 56
47 46 54
45 44 52
43 42 50
42 41 49
41 40 48
41 40 48
48 47 55
50 49 57
52 51 59
52 51 59
51 50 58
51 50 58
52 51 59
54 53 61
58 56 57
54 44 35
90 64 39
214 169 127
248 188 126
248 179 104
252 179 100
241 172 95
242 182 110
237 183 121
233 184 128
234 183 130
237 180 127
244 178 120
250 174 114
255 172 108
253 175 109
253 175 109
55 43 45
54 42 44
54 42 44
54 42 44
56 44 46
57 47 48
59 49 50
61 51 52
60 51 52
59 50 51
57 48 49
57 48 49
57 51 51
61 55 55
64 58 58
67 61 61
65 50 71
68 53 74
70 55 74
68 54 71
64 52 66
63 51 63
65 55 63
69 60 65
43 37 37
42 38 35
40 37 30
36 36 26
32 32 20
28 29 15
24 27 10
21 24 7
30 30 56
30 30 56
31 29 53
31 29 53
31 27 50
29 24 46
29 21 42
28 19 38
29 20 37
31 20 36
33 20 37
35 21 36
39 23 36
42 24 36
44 26 38
45 27 39
23 28 50
23 28 50
24 29 51
25 30 52
25 30 52
26 31 53
27 32 54
27 32 54
28 33 55
27 32 54
27 32 54
27 32 54
28 33 55
29 34 56
30 35 57
31 36 58
15 36 55
14 32 52
11 28 46
15 28 45
21 30 45
27 33 45
32 35 44
34 33 39
27 22 26
30 24 24
36 28 25
36 27 22
28 19 12
26 17 8
45 36 27
69 61 50
132 110 86
175 155 130
227 207 183
243 225 203
209 194 175
142 129 112
76 64 50
37 25 13
29 19 7
34 24 14
48 35 26
62 49 40
71 57 46
75 61 50
83 67 54
91 75 62
69 64 70
64 59 65
58 53 59
56 51 57
58 53 59
60 55 61
59 54 60
58 53 59
53 48 54
55 50 56
57 52 58
57 52 58
56 51 57
56 51 57
58 53 59
60 55 61
73 56 46
72 46 29
167 128 95
221 165 116
251 182 115
251 172 95
255 175 93
255 186 107
254 182 108
247 182 114
242 182 120
243 181 122
249 180 121
255 180 118
255 180 115
255 180 113
255 189 129
255 189 129
79 59 60
75 55 56
69 49 50
61 41 42
54 34 35
48 30 30
44 26 26
41 25 25
46 30 30
44 28 28
41 27 26
42 28 27
44 30 29
41 30 28
37 26 24
33 22 20
43 21 24
44 22 24
42 22 23
38 18 19
34 14 15
31 11 10
30 10 9
30 11 7
43 24 20
44 25 19
45 28 21
46 29 21
47 30 22
48 31 21
48 31 21
48 31 21
36 18 42
35 17 41
35 17 41
38 19 41
40 21 43
43 21 42
42 20 41
41 18 38
55 32 52
53 30 48
52 27 46
49 24 43
47 22 41
45 20 39
44 19 38
43 18 37
21 28 34
23 28 34
23 28 34
23 28 34
23 28 34
23 28 34
23 28 32
24 27 32
30 33 38
29 34 38
27 32 38
27 32 38
26 31 37
27 32 38
27 32 38
26 33 39
43 43 45
37 36 41
32 30 35
31 28 35
35 29 39
37 31 43
34 28 40
31 25 39
40 34 48
32 28 42
33 31 42
39 39 49
30 33 40
14 19 23
14 22 25
26 36 38
63 43 18
50 30 6
45 27 3
68 51 31
110 95 76
143 130 113
153 141 125
151 139 125
85 75 63
109 99 87
146 134 122
169 157 143
161 147 134
128 112 97
91 75 60
71 53 39
63 49 48
59 45 44
55 41 40
54 40 39
56 42 41
58 44 43
58 44 43
57 43 42
63 49 48
65 51 50
66 52 51
65 51 50
64 50 49
63 49 48
64 50 49
66 52 51
74 42 21
89 50 21
228 176 136
249 182 127
255 195 126
255 179 100
255 173 90
255 186 103
255 182 103
255 182 110
255 182 114
255 182 117
255 182 116
255 182 115
255 182 112
255 183 109
255 187 127
255 187 127
32 15 23
31 16 23
31 16 23
33 18 25
35 20 27
36 23 30
38 25 32
39 28 34
28 17 25
28 18 26
29 19 27
30 23 30
32 25 32
32 25 32
29 24 30
27 22 28
42 25 7
41 24 6
43 24 9
45 26 11
47 28 14
49 29 18
48 28 19
49 26 20
44 20 16
44 20 18
45 20 23
46 20 23
47 20 25
48 21 28
49 22 29
49 22 29
48 26 29
46 24 27
45 23 25
46 24 26
52 27 30
54 30 30
53 29 29
52 26 27
39 15 15
40 16 16
41 16 19
40 18 20
42 20 23
43 23 25
44 23 28
45 24 29
32 32 24
32 32 24
34 31 22
34 31 22
34 30 21
34 30 19
34 30 19
34 30 19
34 30 19
33 29 18
32 28 17
31 27 18
29 26 17
29 26 17
28 28 20
28 28 20
38 20 8
41 23 13
44 25 19
49 29 28
51 31 33
49 29 38
44 26 38
40 23 39
44 30 47
32 21 38
24 17 33
26 26 38
33 37 48
33 40 48
26 37 41
20 31 35
37 18 1
45 28 10
52 36 20
53 37 22
46 34 20
45 33 21
47 37 27
51 42 33
71 62 53
67 58 49
65 55 46
65 55 45
69 57 45
79 65 54
97 83 70
117 101 88
117 92 85
119 94 87
119 94 87
111 86 79
98 73 66
88 63 56
85 60 53
85 60 53
79 54 47
80 55 48
79 54 47
77 52 45
72 47 40
69 44 37
69 44 37
70 45 38
81 46 26
99 59 33
209 160 120
246 184 133
255 192 129
255 178 107
255 176 100
255 177 103
255 183 111
255 185 120
255 188 126
255 190 130
255 189 128
255 186 125
255 183 118
255 180 114
253 172 106
253 172 106
33 25 40
32 24 39
31 23 38
28 22 36
27 21 35
24 20 34
24 20 35
23 21 35
28 26 40
27 26 40
24 26 41
21 23 38
19 22 37
20 23 38
24 27 42
27 30 45
33 31 8
30 28 7
30 25 6
31 25 9
34 28 14
35 26 17
31 22 17
28 16 18
39 24 31
39 23 34
39 21 37
39 20 40
42 20 43
43 20 48
44 21 50
45 22 51
45 33 19
41 29 15
38 24 11
38 25 9
40 27 11
43 27 12
41 25 10
37 24 8
43 30 14
42 30 16
40 30 18
38 30 19
37 30 22
35 30 24
33 30 23
33 30 25
35 25 16
35 25 16
37 24 16
38 25 16
39 25 14
42 26 13
42 26 13
43 25 13
43 25 13
42 26 13
42 26 13
40 26 15
40 27 18
41 28 20
40 30 21
41 31 22
49 31 19
50 32 22
48 29 23
44 23 22
39 17 20
38 15 25
43 19 33
47 24 40
35 12 30
45 27 41
48 32 43
35 24 32
29 20 23
34 29 26
36 33 28
31 31 23
40 26 17
39 26 18
40 27 19
38 27 21
38 29 24
39 31 28
41 36 33
44 39 36
57 52 49
57 52 49
60 52 50
60 50 48
54 45 40
48 37 31
53 40 34
60 47 39
80 53 42
96 69 58
112 85 74
115 88 77
107 80 69
102 75 64
108 81 70
117 90 79
122 95 84
122 95 84
120 93 82
115 88 77
109 82 71
104 77 66
102 75 64
102 75 64
95 77 67
96 73 59
140 108 85
192 151 119
208 157 114
215 159 110
239 179 125
242 185 132
244 188 137
245 193 146
249 198 155
252 201 158
251 198 156
249 192 149
246 185 140
243 179 135
245 163 103
245 163 103
34 21 31
34 21 31
33 20 30
32 20 30
32 20 30
31 21 32
29 21 32
29 21 34
22 16 28
22 19 30
24 22 35
27 25 38
28 28 40
28 27 41
28 27 41
26 28 41
19 32 22
19 32 23
19 32 23
20 31 27
20 30 29
22 30 33
26 31 37
28 30 42
23 22 38
25 23 44
29 25 50
31 24 55
31 24 57
32 22 57
29 19 56
27 16 56
31 31 23
31 31 23
31 31 23
33 30 21
32 29 20
30 27 18
29 26 17
28 25 16
27 27 19
29 30 25
28 33 29
23 32 31
17 27 28
12 26 29
15 30 35
19 34 41
28 13 18
40 24 27
43 27 30
35 16 18
35 15 16
45 24 23
50 26 24
43 19 15
47 23 19
45 21 19
42 21 20
42 22 23
42 23 25
41 25 28
40 24 27
38 23 28
28 26 27
34 29 33
30 23 30
31 21 30
42 30 42
45 28 44
43 25 41
51 28 46
48 25 41
47 23 36
44 21 27
42 21 20
42 22 15
43 25 13
46 29 13
48 31 13
38 28 29
38 29 32
40 31 34
38 32 36
37 32 38
33 30 37
31 28 35
30 27 34
34 31 38
35 32 39
39 34 40
44 38 42
49 40 43
49 40 41
47 37 38
45 35 34
51 32 25
49 30 23
48 29 22
46 27 20
46 27 20
47 28 21
49 30 23
50 31 24
45 26 19
44 25 18
44 25 18
46 27 20
49 30 23
51 32 25
50 31 24
49 30 23
34 37 44
34 33 38
35 30 27
43 29 20
53 32 15
61 35 12
66 39 12
67 40 13
69 41 17
76 52 28
89 64 42
98 76 55
104 79 59
109 81 60
118 87 67
127 95 74
162 106 73
166 110 77
50 21 17
50 21 17
50 21 17
48 20 16
47 19 16
42 17 13
39 15 13
36 15 12
48 27 26
46 26 25
42 24 24
37 21 21
34 18 18
30 16 16
28 14 14
26 12 12
17 34 42
17 34 42
15 32 40
15 29 38
13 27 38
12 24 36
12 22 34
13 20 36
18 24 40
20 23 42
22 23 43
25 23 44
26 24 46
27 23 46
27 23 46
27 23 46
21 21 33
23 21 34
24 22 33
26 23 34
27 24 33
29 23 33
28 22 32
26 23 32
28 26 39
21 23 36
16 22 38
17 25 44
20 32 54
20 36 61
17 34 62
11 31 58
38 27 41
40 28 42
37 25 37
34 18 29
35 18 26
41 22 28
42 21 26
38 15 21
45 22 28
42 21 26
40 21 27
39 22 30
40 24 35
39 27 39
38 26 40
36 25 39
22 32 42
30 40 52
29 35 49
28 31 48
34 33 51
29 21 42
22 10 30
27 12 31
32 15 31
36 19 29
42 23 27
47 27 26
50 31 24
49 31 17
48 31 15
46 29 11
35 27 38
34 28 38
35 29 41
34 30 44
36 34 47
38 36 50
40 39 53
41 40 54
36 35 49
37 35 48
36 34 45
36 33 42
39 34 41
45 38 45
54 45 50
58 49 54
42 36 36
42 36 36
42 36 36
43 37 37
43 37 37
44 38 38
44 38 38
45 39 39
51 45 45
51 45 45
52 46 46
51 45 45
50 44 44
48 42 42
46 40 40
45 39 39
33 47 60
34 46 58
36 45 52
38 42 45
41 40 36
44 37 31
45 36 27
46 36 26
64 54 44
57 48 39
49 40 31
41 32 25
39 30 23
44 35 28
58 47 41
70 59 53
71 47 45
74 50 48
35 0 0
37 0 0
40 2 0
43 7 0
46 10 0
45 11 0
44 12 0
42 12 1
31 3 0
31 4 0
31 7 0
34 10 0
38 15 7
41 21 12
46 26 17
49 29 22
12 13 31
13 14 32
15 17 32
20 19 33
23 23 35
26 25 33
29 26 33
32 27 31
29 23 25
30 22 20
29 19 17
29 18 12
28 18 9
29 16 7
29 17 5
29 17 5
34 16 28
34 16 28
37 17 28
38 18 27
38 17 26
39 16 24
38 15 23
36 15 24
39 19 30
34 18 31
29 16 33
27 19 40
26 22 45
24 24 50
18 22 51
13 18 48
21 21 31
16 16 26
19 16 25
30 25 31
40 31 34
41 31 32
39 27 27
40 26 25
37 23 22
33 21 21
30 20 21
30 21 24
29 24 30
29 26 35
26 26 36
25 25 35
18 27 36
27 34 44
26 30 41
25 27 40
34 33 47
36 34 48
38 34 49
50 44 58
39 33 45
38 32 42
37 32 39
36 31 37
31 29 30
28 27 25
25 26 21
23 24 19
39 33 47
37 30 46
32 28 43
28 24 41
25 22 39
23 22 38
23 22 40
24 23 39
19 18 34
27 25 39
37 33 47
43 37 47
43 36 44
42 32 40
40 31 36
41 30 36
35 40 44
35 40 44
35 40 44
34 39 43
32 37 41
30 35 39
29 34 38
28 33 37
27 32 36
31 36 40
35 40 44
38 43 47
42 47 51
49 54 58
58 63 67
65 70 74
75 79 82
73 77 80
69 69 69
60 59 55
52 47 41
48 39 32
48 38 28
52 40 28
40 26 13
44 30 17
49 35 22
52 38 25
53 39 28
51 38 29
48 35 26
46 33 24
54 41 50
56 43 52
150 120 109
145 115 104
136 108 97
125 97 86
112 85 76
99 75 65
90 67 59
84 64 57
79 60 53
74 57 50
65 50 45
56 43 37
45 34 30
38 27 23
32 22 20
29 19 17
52 29 39
50 27 35
50 25 31
48 23 26
48 22 21
51 23 19
52 25 14
54 27 10
58 30 8
62 32 4
67 37 3
74 42 4
80 49 5
86 53 8
89 57 10
91 59 10
94 53 31
94 53 31
95 53 29
96 52 27
95 49 23
94 47 21
92 45 17
90 44 18
77 33 8
79 38 16
77 42 23
67 35 20
50 23 12
38 15 9
33 14 8
34 16 12
25 36 32
19 28 23
26 33 26
43 46 37
47 47 35
38 36 21
36 30 14
41 36 17
44 39 20
41 35 19
35 33 18
31 31 19
30 33 24
27 34 27
25 34 29
22 33 29
40 30 28
45 35 33
39 29 27
34 24 23
38 28 27
33 24 25
25 19 21
30 25 29
30 29 34
24 27 34
18 25 33
15 25 35
14 28 39
17 35 47
22 41 55
25 47 60
28 20 33
30 22 35
32 26 40
35 29 43
36 32 47
38 34 49
39 37 51
39 37 50
42 38 52
40 34 44
34 29 36
32 22 30
32 21 25
35 23 25
43 29 29
46 32 32
32 37 40
33 38 41
34 39 42
36 41 44
38 43 46
40 45 48
43 48 51
44 49 52
43 48 51
45 50 53
46 51 54
44 49 52
44 49 52
51 56 59
65 70 73
76 81 84
122 100 79
142 120 99
167 145 124
182 157 135
179 154 132
166 138 116
152 122 96
146 112 84
134 99 69
130 94 62
119 83 51
107 71 39
98 63 33
94 60 32
87 56 28
82 52 26
79 41 28
80 42 29
72 54 50
68 53 48
65 50 45
61 47 44
61 47 44
61 50 48
62 52 51
61 56 53
60 56 55
62 60 61
69 69 71
77 78 80
85 89 92
94 98 101
99 104 108
103 108 112
143 99 88
142 98 87
140 96 83
141 98 81
145 100 79
151 105 81
156 111 80
160 114 78
173 126 84
176 128 80
179 132 80
184 135 77
186 138 76
187 138 72
187 138 71
187 138 71
192 137 72
195 138 71
198 139 71
201 141 71
205 142 71
207 143 71
207 143 71
207 143 71
198 135 64
196 137 69
189 135 71
175 126 67
156 113 58
141 101 49
129 93 43
123 89 41
55 66 49
46 55 38
45 53 32
51 55 32
43 43 17
27 23 0
27 22 0
42 36 4
55 49 17
49 44 14
42 38 9
35 35 9
30 34 11
26 34 13
23 32 15
19 30 13
38 12 0
49 23 8
50 27 11
52 29 13
59 38 21
51 32 15
40 24 8
40 28 14
35 29 17
31 31 21
27 32 28
24 32 34
20 33 39
15 32 40
11 31 42
8 30 43
40 27 34
40 27 34
40 29 37
39 28 36
36 26 34
32 22 30
27 20 27
24 18 22
36 27 32
35 25 26
36 24 24
42 28 25
47 32 27
50 33 25
48 30 20
44 26 16
47 39 28
45 37 26
41 33 22
38 30 19
37 29 18
38 30 19
40 32 21
41 33 22
33 25 14
39 31 20
44 36 25
45 37 26
44 36 25
46 38 27
54 46 35
61 53 42
113 65 19
115 66 23
117 70 28
121 73 33
132 84 44
154 107 65
184 133 90
205 151 105
211 153 105
214 154 104
210 148 97
200 140 88
192 134 86
185 131 84
175 124 79
163 115 69
167 96 50
166 95 49
46 24 10
42 20 7
36 14 1
28 9 0
23 5 0
20 3 0
18 4 0
18 5 0
18 8 0
16 9 1
14 9 3
14 11 6
13 12 7
14 13 9
14 15 10
15 16 11
58 14 0
59 15 0
62 16 0
65 19 0
71 23 0
76 28 0
81 32 0
83 35 0
93 42 0
94 44 0
97 46 0
101 48 0
103 51 0
105 53 0
108 53 0
109 54 0
132 74 0
135 77 0
143 83 0
152 88 1
160 95 5
167 100 9
173 104 13
175 106 15
173 108 18
160 98 11
147 89 7
137 84 6
129 81 7
114 72 0
92 53 0
76 39 0
39 40 24
32 31 13
30 28 7
32 26 2
28 16 0
24 9 0
39 22 0
64 45 13
83 64 32
75 58 28
67 52 23
58 46 20
50 44 20
45 43 22
41 40 22
37 38 22
65 38 21
71 44 25
61 34 13
50 22 0
50 23 0
52 26 0
62 36 0
80 56 18
82 60 21
83 63 28
85 66 34
82 66 40
75 60 39
62 51 33
52 40 28
42 32 22
42 24 22
41 23 21
37 22 19
38 23 20
39 25 22
43 29 26
48 34 31
51 38 32
47 32 25
45 31 22
46 28 16
46 27 13
46 25 8
41 18 0
35 10 0
29 4 0
45 12 0
51 18 0
63 30 0
80 47 14
99 66 33
119 86 53
135 102 69
144 111 78
183 150 117
190 157 124
198 165 132
200 167 134
195 162 129
188 155 122
183 150 117
181 148 115
201 139 80
206 144 87
209 149 95
204 146 96
193 137 88
180 124 75
173 113 63
171 108 55
173 104 47
193 123 63
212 141 79
221 150 88
226 157 98
227 162 106
216 156 102
202 145 92
229 150 91
227 148 89
129 77 38
130 78 39
129 80 40
129 81 43
131 83 45
129 85 48
129 86 51
127 87 52
118 79 46
110 74 42
100 67 34
89 58 27
83 54 24
80 51 21
79 52 23
80 53 24
75 44 0
77 44 0
78 45 0
77 44 0
72 38 0
66 29 0
59 22 0
55 16 0
59 20 0
61 19 0
64 21 0
70 25 0
78 33 0
88 43 12
98 53 22
104 57 27
122 71 8
125 74 9
132 79 13
141 84 17
148 89 19
156 93 22
160 98 25
161 99 26
156 96 24
152 95 26
142 91 26
131 85 25
117 76 20
100 63 11
82 48 0
72 40 0
26 11 6
26 9 2
30 10 3
37 13 3
40 12 0
46 15 0
63 28 9
80 43 24
102 65 46
95 60 41
84 53 35
75 47 33
68 44 34
63 43 36
58 41 34
55 40 35
48 33 26
66 49 39
71 52 37
69 47 23
84 58 25
115 86 42
168 135 82
222 183 124
203 159 96
198 150 84
187 136 71
179 125 63
178 122 63
183 126 71
195 135 83
201 141 91
139 117 104
122 100 87
94 72 61
64 44 33
45 25 14
37 19 7
37 19 5
40 22 8
34 15 0
38 17 0
43 21 0
53 29 5
73 47 20
107 78 48
144 115 83
170 139 108
212 153 97
214 155 99
216 157 101
219 160 104
220 161 105
220 161 105
220 161 105
219 160 104
187 128 72
185 126 70
181 122 66
173 114 58
162 103 47
150 91 35
140 81 25
134 75 19
128 66 7
131 70 13
136 79 24
142 89 39
152 100 52
163 111 64
175 119 72
183 123 71
171 106 52
178 109 50
171 101 41
155 87 26
148 83 25
158 97 42
164 109 55
164 111 59
167 113 66
163 109 62
222 142 79
220 142 78
217 139 77
209 133 71
199 125 64
186 114 55
174 104 44
167 98 39
156 90 32
147 85 28
138 77 22
131 71 17
129 72 19
134 79 25
142 87 33
147 91 40
145 125 64
153 133 72
164 144 85
175 154 99
180 157 105
177 153 105
171 147 103
168 140 103
149 120 88
141 109 84
126 94 73
111 78 61
102 66 52
98 61 52
97 60 52
98 61 53
105 61 26
106 62 25
111 63 25
113 64 23
117 64 22
118 64 18
120 63 18
120 63 18
135 81 37
149 97 57
153 108 69
135 95 60
101 66 38
76 46 20
71 45 22
79 54 32
61 34 41
65 36 41
70 38 41
76 40 40
76 36 34
73 30 24
71 24 16
70 22 12
67 19 9
60 13 5
49 6 0
40 0 0
34 0 0
29 0 0
25 0 1
22 0 2
12 10 13
40 34 34
48 39 30
34 19 0
20 0 0
27 0 0
62 24 0
112 64 0
232 175 94
205 139 53
160 86 0
123 41 0
111 22 0
126 34 0
156 61 0
178 81 2
116 90 73
98 72 55
70 47 29
49 26 10
45 24 7
58 37 20
80 59 40
96 75 54
135 113 90
156 132 108
174 148 121
176 149 119
161 132 98
146 113 78
138 106 68
139 105 67
157 83 12
160 86 15
164 90 19
167 93 22
166 92 21
162 88 17
156 82 11
152 78 7
156 82 11
150 76 5
144 70 0
142 68 0
146 72 1
155 81 10
164 90 19
169 95 24
165 109 52
162 107 53
158 106 56
156 108 62
156 111 69
160 115 73
165 116 73
169 117 70
186 128 78
196 133 80
190 125 69
164 102 45
146 86 32
141 88 36
138 90 41
132 85 39
129 104 74
125 100 70
193 110 70
183 101 61
175 97 58
174 100 63
173 103 67
163 97 63
149 88 57
141 84 54
122 69 38
102 53 23
79 32 2
67 22 0
67 22 0
70 27 0
69 26 0
66 23 0
53 23 0
51 21 0
51 21 0
58 28 0
72 42 0
88 58 0
100 72 0
107 79 5
101 73 0
88 60 0
70 43 0
55 28 0
50 23 0
54 27 0
62 35 0
68 41 0
115 41 2
118 45 4
125 51 6
136 58 10
144 64 13
152 70 14
159 73 12
162 75 8
185 94 24
190 99 26
200 108 31
210 119 40
219 128 47
227 136 53
232 141 58
234 143 60
234 157 29
232 157 30
235 160 33
238 163 38
239 165 44
235 163 45
229 158 44
224 153 47
195 127 28
196 131 41
194 129 47
176 114 41
150 90 27
129 70 12
118 61 8
116 60 9
80 78 29
79 75 27
81 74 28
87 76 31
96 78 38
101 77 39
100 72 33
100 66 28
195 158 114
185 145 96
167 124 71
151 107 46
143 100 31
147 103 28
156 113 34
163 121 39
160 126 65
162 128 67
168 132 70
180 142 77
193 153 84
205 162 93
211 167 94
216 170 93
204 158 80
199 154 73
190 145 64
180 135 54
167 125 43
159 117 35
151 110 28
148 107 25
175 104 12
170 99 7
168 101 12
174 108 21
173 111 26
168 110 28
171 114 35
178 122 45
194 141 65
205 152 76
213 157 82
186 129 52
211 152 74
214 153 73
195 132 52
139 76 0
140 97 88
139 97 83
140 94 78
143 95 73
154 100 72
166 110 75
178 120 80
185 127 81
206 148 98
180 125 71
162 109 55
107 57 4
65 22 0
58 18 0
47 11 0
70 34 0
148 113 31
148 113 31
96 50 35
86 42 29
76 34 22
64 26 15
49 15 5
34 4 0
27 2 0
27 6 1
35 17 13
40 25 20
49 35 32
58 47 43
71 62 55
92 83 76
114 105 98
130 121 114
153 129 101
148 124 96
140 116 88
133 109 81
129 105 77
129 106 75
130 107 76
131 108 77
149 126 94
145 122 90
141 118 86
139 116 84
139 116 82
141 118 84
143 120 86
144 121 87
136 107 91
139 107 92
141 108 89
147 112 92
153 116 90
160 119 91
166 123 91
170 124 88
155 107 69
157 108 67
159 110 67
161 113 67
162 114 68
162 114 68
162 114 68
161 114 68
168 124 53
167 123 52
166 122 51
166 124 52
168 125 56
166 126 57
164 125 58
158 123 59
134 99 41
140 109 55
144 116 69
135 110 69
117 93 57
93 72 41
77 57 30
69 49 24
74 59 30
77 60 34
82 62 37
88 63 41
92 64 43
100 65 46
104 66 47
109 66 47
102 55 35
101 54 28
100 51 19
99 49 12
98 49 6
98 50 2
98 51 0
99 52 0
98 47 0
101 50 0
108 56 0
119 65 5
128 72 11
135 75 12
136 75 10
135 75 5
143 80 9
146 84 11
150 88 15
151 91 18
154 94 21
154 96 22
154 96 23
153 97 23
140 79 16
135 75 12
134 75 15
134 80 20
129 77 20
120 70 17
117 70 18
120 74 25
125 81 32
133 87 38
141 95 46
138 90 41
158 108 57
166 115 62
164 111 57
147 92 38
157 106 51
151 98 44
143 88 31
138 79 21
139 75 14
144 76 15
150 80 18
155 84 22
166 94 35
161 90 34
177 107 55
162 96 48
152 91 47
158 100 60
151 95 58
169 115 79
172 117 63
172 117 63
51 32 34
38 22 23
29 14 17
24 13 17
22 15 22
20 17 24
23 23 33
27 31 42
16 25 34
17 27 37
13 26 35
6 19 28
0 11 19
0 6 14
0 7 15
0 11 17
21 4 22
22 5 23
24 7 23
25 8 24
27 10 26
31 14 30
36 20 33
40 24 37
27 11 24
31 13 25
35 17 29
38 20 32
40 22 34
40 23 33
40 23 33
39 22 32
40 42 41
38 40 37
38 39 34
39 38 33
43 39 30
49 40 31
53 43 31
57 45 31
65 52 36
66 50 35
65 49 34
64 48 33
62 46 31
58 45 29
57 43 30
56 42 29
64 37 30
59 35 25
55 31 19
54 30 18
55 33 19
54 35 18
54 37 17
51 38 19
49 38 18
51 44 25
56 51 32
57 55 40
57 59 46
58 61 50
59 65 55
61 66 59
94 68 51
100 72 58
106 77 63
109 77 64
112 76 64
116 78 67
127 84 75
134 90 79
138 92 79
144 96 82
152 105 87
158 111 91
161 115 91
160 114 88
156 112 83
153 109 80
178 116 77
179 117 76
182 119 76
188 124 80
195 128 83
199 131 82
200 130 79
200 129 77
203 132 78
203 132 78
203 132 78
198 129 74
191 122 67
179 112 59
169 102 49
162 97 43
161 117 90
155 113 88
149 109 84
139 101 78
121 86 66
100 67 50
87 55 40
81 52 38
89 60 46
89 60 46
94 62 49
114 81 66
117 81 65
128 91 73
138 100 81
157 119 100
158 112 34
167 120 42
178 129 50
187 134 56
187 130 53
179 117 42
168 101 30
160 91 24
139 69 9
141 71 19
158 91 48
155 91 55
154 93 64
158 100 78
151 94 77
159 103 88
161 85 59
161 85 59
60 32 21
39 12 1
20 0 0
17 0 0
24 5 0
23 8 1
14 3 0
7 0 0
8 3 0
4 1 0
2 1 0
12 12 4
24 24 16
29 29 19
23 23 13
18 15 6
18 4 27
22 7 30
26 11 34
27 12 35
28 13 36
29 14 35
35 17 39
38 20 42
31 14 33
32 15 34
32 13 33
31 12 31
30 11 30
31 12 31
36 15 34
38 17 36
25 20 0
26 20 0
27 19 0
30 19 0
32 20 0
36 20 0
39 21 0
42 22 0
22 0 0
22 0 0
23 1 0
25 2 0
27 4 0
28 6 0
29 7 0
30 8 0
45 3 17
42 0 14
37 0 8
36 0 4
35 0 1
35 1 0
32 3 0
30 3 0
41 18 4
33 14 0
26 9 0
19 6 0
19 8 0
20 11 0
23 16 0
25 18 0
31 10 0
33 12 0
36 12 0
37 11 0
38 11 0
42 12 0
48 18 0
54 23 0
50 19 0
51 20 0
52 23 0
55 25 0
55 28 0
55 30 0
56 31 1
55 32 1
67 21 0
63 17 0
61 13 0
63 13 0
68 17 0
74 20 0
78 23 0
80 25 0
84 27 0
88 31 1
92 37 6
96 43 12
98 45 14
95 44 15
91 42 12
89 39 12
58 33 29
60 36 34
62 41 38
60 40 41
50 31 33
37 21 24
27 12 17
25 10 15
26 11 18
29 14 19
23 6 12
45 26 30
28 8 10
39 17 19
45 21 21
71 47 47
79 59 8
74 52 2
66 43 0
62 35 0
63 31 0
69 33 0
77 37 0
81 41 0
79 38 0
75 33 0
72 33 0
65 30 2
61 29 8
63 34 18
63 35 23
67 40 29
111 35 9
111 35 9
119 73 40
105 60 29
95 52 20
93 52 22
94 55 26
86 51 23
75 44 16
70 40 14
66 39 12
61 34 7
57 32 2
62 35 6
67 40 10
64 38 5
52 26 0
42 13 0
32 11 6
32 11 6
31 10 5
29 8 3
29 5 1
27 4 0
27 2 0
28 3 0
40 13 6
41 14 7
41 12 6
39 10 2
37 8 0
39 9 1
44 14 6
48 18 10
48 16 0
52 19 0
59 23 0
64 27 0
69 29 0
71 29 0
72 28 0
74 27 0
97 48 5
97 48 7
98 49 9
97 49 13
97 48 15
95 48 18
95 48 20
94 47 19
102 37 41
99 37 38
98 37 36
97 38 34
96 39 30
91 38 24
86 35 18
79 33 10
63 19 0
59 17 0
55 18 0
53 18 0
50 17 0
42 11 0
34 3 0
27 0 0
25 9 0
22 6 0
19 3 0
21 3 0
24 5 0
26 7 0
25 6 0
23 4 0
28 9 0
25 8 0
21 6 0
19 5 0
19 6 0
21 10 0
24 15 0
27 17 0
31 14 4
30 12 0
27 9 0
28 9 0
30 8 0
32 9 0
33 7 0
31 5 0
23 0 0
25 0 0
25 2 0
27 5 0
28 8 0
29 9 0
29 11 1
30 11 4
23 12 8
32 21 17
41 30 28
42 32 30
36 28 26
28 22 22
24 18 20
21 15 17
24 18 20
34 28 28
28 20 18
37 27 25
17 6 2
31 18 12
26 11 6
36 21 14
20 11 4
26 16 7
34 22 10
41 25 10
38 21 1
33 13 0
23 2 0
20 0 0
30 7 0
30 10 0
25 7 0
27 13 0
31 18 0
33 24 0
40 34 2
40 35 3
82 29 0
83 30 0
87 43 14
89 48 18
95 56 27
97 60 33
91 55 29
85 54 26
90 60 34
98 71 44
104 77 50
110 83 56
115 88 59
115 88 58
111 82 50
105 76 42
104 74 40
105 75 39
110 81 51
108 79 49
108 79 49
111 82 52
119 88 57
127 94 63
130 97 66
133 98 66
125 90 58
132 96 64
140 101 68
143 104 71
145 104 72
146 105 73
150 109 77
156 113 81
177 135 77
181 139 81
190 145 86
198 152 93
204 155 97
207 155 98
208 153 97
207 152 98
189 131 81
188 130 84
184 127 82
178 120 80
169 113 76
160 106 70
153 99 65
149 94 63
144 87 70
143 87 70
143 87 70
142 90 69
139 88 67
131 85 61
122 78 53
115 73 48
117 80 54
116 80 54
117 83 58
119 87 64
125 94 73
131 100 79
135 104 84
135 107 86
131 105 90
130 103 86
129 102 81
133 105 81
137 110 81
139 110 78
134 105 71
129 101 64
122 96 59
123 97 64
123 98 68
125 101 77
124 103 84
125 106 91
126 108 96
127 109 99
108 109 93
109 110 94
113 112 94
114 113 95
112 109 90
107 102 83
96 91 72
90 83 65
97 90 72
93 87 71
86 83 68
80 78 66
73 73 63
69 70 62
67 68 62
66 69 62
47 39 20
57 49 30
63 55 36
57 50 32
48 41 23
41 35 19
36 30 14
33 27 11
16 9 0
29 22 3
31 23 4
32 21 1
27 15 0
40 25 2
35 21 0
31 15 0
42 15 8
43 16 7
49 19 8
64 33 15
91 56 34
123 88 60
153 117 81
173 136 94
177 140 95
184 150 102
178 146 95
183 153 99
173 148 92
152 130 73
146 127 69
132 113 57
123 102 55
123 102 55
46 26 15
42 22 11
38 20 10
34 17 7
25 11 2
20 7 0
22 12 3
28 19 10
16 7 0
21 13 2
28 18 6
29 20 5
29 17 1
29 16 0
33 20 3
39 24 5
59 32 5
50 23 0
42 15 0
43 13 0
48 18 0
55 24 0
57 23 0
55 21 0
54 19 0
62 25 0
71 32 3
75 36 7
76 35 7
78 37 9
85 41 12
90 46 17
86 49 5
89 52 8
95 56 13
103 62 18
107 64 21
110 65 23
112 65 23
111 64 22
122 74 34
121 73 35
120 72 36
114 68 35
107 60 30
97 52 23
88 44 17
83 39 14
80 50 16
78 49 15
77 48 16
74 49 18
70 47 16
61 40 11
50 33 7
43 27 4
33 18 0
27 13 0
20 7 0
14 3 0
16 5 3
23 11 13
33 21 25
39 28 34
74 31 38
79 37 39
89 45 44
98 53 47
105 59 44
107 60 40
103 57 33
101 54 26
89 42 14
91 44 18
92 45 25
92 46 31
91 47 38
90 45 42
88 43 46
87 42 47
73 66 37
72 65 36
74 65 36
72 63 32
70 59 29
63 52 22
56 42 13
50 36 9
36 24 0
38 26 2
42 31 11
46 39 20
54 48 32
62 59 44
70 66 54
74 72 60
80 65 36
94 78 52
103 89 62
101 87 60
98 84 57
101 87 60
104 90 61
104 90 61
118 103 72
125 110 77
136 120 87
134 115 82
145 125 90
145 125 88
154 132 95
150 128 89
179 131 85
182 134 88
189 138 91
194 142 92
197 141 90
196 139 86
193 134 78
190 131 75
179 120 64
190 131 75
172 115 60
167 112 58
142 91 38
105 55 4
94 46 0
73 25 0
19 16 0
19 16 0
62 52 51
38 28 29
16 7 8
13 7 9
21 17 18
22 20 23
19 17 20
13 13 15
23 23 25
16 14 15
10 9 7
15 11 8
25 20 16
32 25 19
28 21 13
23 14 5
47 36 34
34 23 19
22 8 5
18 4 1
24 9 6
29 14 11
30 12 8
27 8 4
30 9 6
33 12 7
36 12 8
35 10 6
32 7 2
37 9 5
45 17 13
53 25 21
78 44 19
79 45 20
82 46 20
86 49 22
90 51 22
93 52 22
96 53 21
96 53 21
92 47 14
94 51 19
99 56 24
100 59 29
100 59 31
96 57 28
91 51 25
86 49 22
68 52 1
67 51 0
62 48 1
58 47 2
52 43 2
43 37 1
34 29 0
26 24 1
17 16 0
18 18 8
21 20 16
21 19 22
20 17 26
19 15 29
20 16 31
21 17 34
33 0 0
45 4 8
63 22 18
77 35 23
85 40 21
88 41 13
91 42 9
93 44 4
107 55 16
106 52 14
103 49 15
99 43 16
95 38 18
92 34 20
89 32 21
88 31 24
61 36 5
55 30 0
49 22 0
43 17 0
43 14 0
43 14 0
43 14 0
43 13 0
45 17 0
44 16 0
41 16 0
38 15 0
37 15 2
34 14 3
33 15 5
32 15 7
27 5 0
40 18 0
46 24 3
40 18 0
34 12 0
38 13 0
41 17 0
41 17 0
45 19 0
41 15 0
57 30 1
51 24 0
70 41 11
57 28 0
74 45 13
77 48 16
90 52 0
93 54 0
98 59 0
103 62 0
110 65 6
114 67 11
119 69 16
121 69 22
114 61 19
123 71 34
100 49 18
98 48 23
82 34 14
58 10 0
69 21 9
57 10 0
22 19 38
21 18 37
35 21 21
29 15 15
23 11 11
22 12 13
20 9 13
17 8 11
17 11 13
24 18 20
25 19 21
17 11 11
20 12 10
20 10 8
22 11 7
31 18 12
35 20 13
22 7 0
21 31 43
12 22 34
5 13 26
3 11 24
9 15 29
10 16 28
7 11 23
1 5 17
12 14 26
14 14 26
15 15 27
15 13 24
14 12 23
14 11 22
13 10 21
13 10 21
45 12 5
40 7 0
55 21 11
50 14 2
73 36 20
65 27 8
79 38 16
74 32 8
81 40 12
82 41 13
83 42 12
85 46 15
88 49 18
86 50 18
84 48 16
81 46 14
64 45 0
61 44 0
58 42 0
58 44 0
66 55 10
70 62 23
58 52 20
39 35 8
24 21 2
20 16 4
21 16 10
25 19 19
23 17 21
17 10 18
22 12 23
30 19 33
14 4 3
29 19 17
30 17 8
28 12 0
42 25 0
58 38 1
68 44 0
77 49 0
85 53 2
73 40 0
97 61 11
108 70 25
102 63 24
96 53 19
72 28 0
63 19 0
57 25 10
58 26 11
43 10 0
28 0 0
33 0 0
40 7 0
46 12 0
56 22 12
44 11 4
44 13 10
38 10 9
39 13 16
44 19 25
34 13 20
28 8 19
40 20 31
44 16 13
37 9 6
33 5 2
36 7 3
36 7 3
34 5 0
35 5 0
38 8 0
30 0 0
43 11 0
42 10 0
57 25 12
46 14 1
58 26 11
52 20 5
60 28 13
43 35 0
50 41 8
30 21 0
62 51 21
36 22 0
62 46 21
42 25 5
57 40 24
65 47 37
58 39 35
47 27 29
36 16 25
26 8 20
23 6 22
23 6 25
25 7 29
19 5 38
19 5 38
20 8 10
18 6 8
17 6 10
19 8 14
17 8 13
14 7 14
14 9 15
18 13 19
22 17 23
19 13 17
26 20 24
23 14 17
25 15 14
12 1 0
19 5 4
21 7 4
0 6 13
0 7 14
0 10 17
0 12 20
0 16 24
2 19 26
6 21 28
7 22 29
3 16 22
0 13 19
0 11 17
0 10 14
1 12 16
5 16 20
8 17 22
9 18 23
21 8 25
17 3 18
29 13 26
21 4 14
39 20 24
34 12 14
48 24 20
45 20 13
62 38 26
65 39 24
65 42 24
66 44 23
66 44 21
65 45 21
65 45 21
64 44 20
70 49 20
77 58 28
88 71 43
92 78 52
73 62 40
42 35 16
22 16 0
14 12 0
22 19 10
11 11 3
8 7 3
17 13 12
25 19 21
25 19 21
25 16 21
26 17 22
3 26 40
3 25 38
0 18 24
0 15 14
7 19 7
8 17 0
16 21 0
33 33 0
74 69 31
63 54 15
83 69 32
84 68 34
80 61 31
89 69 42
95 73 50
108 86 65
54 32 34
71 49 51
67 42 45
50 25 28
56 31 34
68 43 47
66 41 47
59 36 44
49 28 37
40 20 32
23 6 24
18 5 25
22 10 34
16 7 34
13 7 35
21 14 45
46 20 31
47 21 32
53 26 35
56 29 36
53 24 29
40 11 16
33 2 7
32 2 4
53 23 23
59 29 29
51 21 21
59 31 28
42 14 11
47 19 18
31 5 4
32 6 5
13 19 33
15 21 33
12 16 28
22 26 37
10 12 24
13 16 25
6 9 18
16 16 24
16 16 24
12 15 22
10 13 20
8 11 20
8 12 21
9 13 22
10 17 27
12 19 29
21 7 24
22 8 25
19 10 15
19 13 17
20 13 20
19 14 21
17 14 23
16 15 23
17 17 27
18 18 28
8 8 18
18 18 28
44 43 51
43 40 47
56 51 57
22 16 20
22 16 20
30 24 26
18 21 14
23 26 19
26 29 22
21 24 17
10 13 6
2 5 0
0 3 0
2 5 0
15 17 6
14 16 5
13 15 4
16 18 5
20 22 9
21 23 10
19 21 8
16 18 5
6 20 57
3 16 51
9 20 52
0 9 38
9 15 39
3 8 28
15 17 32
16 16 26
14 13 18
20 20 20
29 28 26
34 33 28
36 37 29
39 40 32
43 44 36
47 49 38
59 38 47
57 37 46
66 49 57
70 57 66
49 39 47
13 8 15
2 1 7
12 15 20
20 24 27
15 19 22
13 17 18
18 20 19
21 21 19
20 19 17
22 18 15
24 20 17
6 29 63
0 18 49
0 13 38
1 18 36
6 18 30
5 13 16
18 20 17
39 36 29
48 40 29
48 36 22
76 60 47
69 51 39
45 25 16
34 11 5
21 0 0
24 0 0
24 5 0
55 36 30
57 38 32
40 21 15
46 27 21
58 39 33
45 27 23
26 8 8
41 27 27
28 16 20
15 5 13
13 7 19
17 15 29
19 18 34
18 19 39
19 22 41
30 10 12
39 17 20
51 29 31
60 36 36
56 32 30
48 23 19
46 21 16
51 26 21
66 41 34
69 46 38
59 36 28
65 45 38
47 28 21
48 31 23
31 14 7
27 12 5
10 3 34
8 2 30
20 11 38
16 8 32
23 15 36
11 4 20
20 14 24
23 18 24
11 7 8
12 8 5
14 11 4
15 13 1
16 14 0
16 15 0
13 14 0
12 14 0
17 9 0
18 10 0
46 20 5
46 23 9
42 19 5
35 13 0
33 13 2
38 20 10
40 23 15
35 20 13
30 15 8
40 25 18
56 39 31
37 18 11
50 32 22
17 0 0
17 0 0
17 0 0
43 11 0
50 18 3
55 23 8
54 22 7
48 17 0
45 14 0
48 17 0
50 22 1
45 17 0
48 20 0
54 26 4
60 34 11
63 37 14
57 31 8
44 18 0
33 7 0
0 12 35
0 11 35
3 14 34
2 11 28
6 12 24
8 11 20
17 16 21
20 19 17
19 14 10
26 19 11
30 23 13
27 21 9
17 11 0
8 2 0
6 0 0
6 0 0
30 0 4
27 0 2
24 0 2
23 0 2
19 0 1
15 0 0
13 0 0
16 2 1
10 0 0
17 4 0
23 11 0
23 8 0
16 0 0
15 0 0
23 3 0
34 13 0
22 7 14
16 0 7
21 2 6
28 7 6
29 4 0
37 7 0
54 18 4
62 23 6
76 33 14
66 20 0
77 29 6
65 15 0
44 0 0
43 0 0
39 0 0
42 0 0
43 9 0
68 34 0
72 38 0
61 27 0
65 31 0
68 34 0
51 18 0
35 3 0
39 9 0
29 3 0
28 5 0
27 8 0
20 4 0
14 2 0
10 0 0
10 0 0
36 15 0
40 18 0
45 23 0
46 22 0
40 16 0
37 13 0
49 24 0
63 40 8
65 42 10
70 49 18
61 42 10
66 51 20
46 32 3
45 34 4
28 19 0
27 20 0
40 23 29
31 15 18
31 15 18
24 8 9
29 13 14
18 2 2
21 6 3
21 6 1
27 13 4
27 13 2
28 14 1
27 14 0
26 13 0
23 10 0
20 7 0
18 5 0
20 18 0
21 19 0
151 82 25
149 83 25
140 73 18
127 62 8
127 66 12
140 80 28
142 84 36
133 77 28
79 23 0
84 28 0
90 34 0
76 18 0
105 44 0
117 57 7
137 75 26
134 72 23
122 54 31
118 50 27
111 43 20
101 33 10
89 23 0
81 15 0
75 11 0
73 9 0
72 11 0
76 17 0
83 24 0
88 31 1
89 33 0
81 25 0
66 12 0
55 1 0
32 11 0
38 14 0
42 17 0
53 24 0
58 25 0
68 33 0
74 35 0
81 38 0
92 45 0
105 57 9
123 73 24
132 82 33
137 85 37
138 86 38
142 90 42
146 94 46
176 92 66
179 98 71
181 101 74
179 105 76
179 110 79
181 116 84
179 119 83
174 119 78
189 135 89
194 141 91
199 144 90
199 143 84
201 141 78
204 143 76
211 148 79
216 152 81
212 148 86
214 150 88
220 155 91
212 144 79
201 130 64
214 139 72
223 146 78
206 127 58
221 141 70
202 120 47
207 125 52
201 119 45
203 121 47
224 142 68
222 143 68
223 144 67
211 145 58
220 154 67
219 153 66
218 152 65
222 158 70
214 150 63
202 140 53
203 143 57
180 124 41
171 118 38
173 124 47
165 119 44
142 100 28
132 94 23
132 95 25
118 83 15
91 59 10
87 55 6
79 47 0
69 36 0
55 22 0
52 17 0
62 27 0
75 43 0
64 34 0
72 43 0
62 37 0
63 42 0
36 17 0
32 17 0
15 2 0
18 6 0
25 14 0
16 5 0
11 0 0
10 0 0
10 0 0
17 6 0
13 1 0
17 5 0
11 0 0
11 0 0
11 0 0
12 0 0
12 0 0
14 0 3
14 0 5
14 0 5
10 0 0
10 0 0
255 158 65
255 158 67
245 147 58
231 135 48
235 143 56
252 161 78
248 159 77
227 140 60
232 147 67
229 144 64
229 144 64
225 140 60
213 126 47
224 137 57
227 138 58
211 122 42
210 121 79
206 119 76
205 118 75
208 121 76
213 129 83
219 137 90
221 140 93
220 142 93
217 141 91
219 143 93
221 148 95
222 151 97
219 150 95
215 146 91
208 142 84
205 139 81
219 163 80
221 163 81
217 156 73
230 165 81
229 162 75
246 172 85
244 167 79
252 168 80
247 161 74
255 165 77
255 168 83
255 167 83
255 160 79
250 153 72
246 149 70
245 148 69
248 137 55
255 150 68
255 154 71
245 144 62
234 139 57
236 145 64
240 154 71
238 156 72
229 147 63
222 140 54
215 131 41
219 131 41
231 140 47
240 147 52
236 139 44
225 127 30
224 137 21
226 139 24
234 144 30
214 124 12
189 97 0
199 106 0
201 108 4
169 76 0
196 103 0
176 84 0
184 95 0
185 98 0
198 113 6
223 141 33
220 139 31
214 134 23
226 140 39
225 139 38
221 135 34
223 140 36
230 147 45
222 139 37
217 135 33
227 149 48
229 155 56
217 147 49
220 154 58
212 149 56
189 130 40
197 142 52
218 164 78
211 159 73
229 176 110
224 171 105
222 167 100
219 165 95
213 159 87
211 155 81
213 159 85
221 167 93
202 153 77
208 162 87
197 155 81
199 161 90
174 139 71
173 142 75
160 131 65
163 135 70
176 161 102
161 146 89
136 120 68
130 116 67
113 99 54
111 96 57
95 80 47
95 79 53
99 82 62
99 81 67
99 79 70
98 77 72
99 78 77
102 77 81
104 79 83
106 81 87
136 102 64
137 103 65
238 149 57
241 153 63
230 145 55
218 134 46
225 143 57
235 157 74
216 139 59
181 105 27
210 137 60
204 131 54
225 151 76
255 190 115
216 143 66
229 153 77
233 157 81
233 157 81
249 162 83
246 159 80
242 157 76
242 157 76
241 159 77
240 159 77
236 158 73
233 157 71
224 153 65
228 159 68
229 162 71
226 161 69
219 156 61
214 151 56
210 150 54
211 151 55
218 164 56
217 160 53
202 141 35
215 151 45
212 143 39
235 161 56
233 151 49
240 154 53
238 149 49
241 147 51
244 147 53
247 146 58
248 146 61
251 146 63
253 148 67
254 149 68
250 156 40
245 154 39
238 151 36
230 145 36
216 138 30
201 126 24
192 120 20
186 118 21
194 125 30
193 124 31
193 119 30
194 118 30
208 128 39
222 138 50
221 135 48
214 126 37
218 140 32
210 129 24
214 132 30
195 115 18
161 80 0
163 81 0
165 84 3
132 53 0
149 73 0
127 55 0
126 58 0
115 52 0
122 63 0
158 103 21
174 122 38
182 132 47
196 114 32
201 119 37
196 114 30
194 112 28
201 121 36
200 120 35
196 118 35
202 127 44
170 98 16
148 81 0
148 85 6
139 80 4
121 65 0
142 90 17
172 124 52
167 118 49
197 120 52
193 114 47
194 115 46
203 123 52
209 129 56
207 128 53
203 125 50
202 124 49
204 131 54
202 133 58
190 124 50
196 136 64
184 127 58
190 140 71
177 128 62
177 129 63
196 143 73
190 137 67
199 146 78
195 144 78
209 158 93
203 153 90
217 167 106
221 171 112
225 174 117
224 173 118
224 173 118
224 171 119
225 172 120
227 171 120
228 172 121
228 172 121
237 169 104
237 169 104
166 107 31
172 112 39
165 107 34
154 97 26
159 106 38
163 112 47
129 81 17
81 35 0
112 67 8
93 48 0
118 73 16
183 138 81
114 69 12
135 90 31
166 120 61
200 154 95
222 144 33
223 145 34
226 148 37
227 151 39
225 152 39
223 152 36
221 152 35
217 152 34
202 140 19
210 150 28
217 159 36
213 158 32
201 147 21
187 136 9
181 132 4
180 131 3
170 135 31
166 129 25
147 108 3
168 123 20
172 123 21
205 150 50
208 145 48
217 151 57
222 148 59
219 141 56
215 134 53
213 130 54
216 130 57
222 133 65
225 136 70
228 139 73
219 157 34
199 139 17
193 137 18
204 153 38
198 150 42
154 111 7
105 65 0
78 38 0
90 52 0
111 70 0
129 85 12
136 87 18
145 92 24
164 106 42
184 124 61
195 134 71
209 145 74
184 119 51
183 119 55
172 107 49
129 66 15
119 56 13
119 59 23
93 36 6
105 51 23
98 51 25
116 72 45
101 64 35
86 55 24
93 67 32
88 64 28
84 62 23
153 81 23
169 97 39
164 92 34
152 80 22
157 87 27
164 95 36
157 91 31
153 88 30
148 87 30
118 62 5
108 55 1
89 42 0
60 16 0
75 35 0
97 59 12
81 44 0
196 101 37
185 90 26
179 84 18
184 87 19
187 90 21
180 83 12
166 72 0
157 65 0
170 79 8
160 76 4
140 60 0
149 74 7
143 72 8
153 88 24
137 73 12
130 68 7
182 86 10
175 79 3
201 105 29
173 80 2
196 103 23
162 71 0
188 98 12
186 97 7
194 105 11
197 109 11
200 113 10
205 117 11
209 121 11
213 123 9
215 126 10
215 126 10
209 120 28
210 121 29
99 58 4
101 58 3
110 63 7
132 83 27
118 67 14
92 42 0
94 50 5
85 46 7
73 38 6
76 47 17
56 29 0
61 32 2
79 46 11
57 20 0
105 62 17
125 79 30
191 110 19
193 110 34
185 103 43
188 109 50
183 114 37
150 91 0
179 127 17
158 109 7
121 75 0
151 107 32
128 87 5
154 120 20
182 150 39
132 101 0
112 78 0
119 82 11
124 97 6
100 74 0
119 93 16
123 91 18
120 72 0
196 132 45
213 133 36
216 133 29
210 135 33
178 122 29
137 98 19
92 63 0
86 53 0
150 101 24
209 142 53
214 131 35
166 98 13
174 106 21
164 94 9
192 121 39
172 103 25
150 83 12
123 62 0
103 51 0
114 68 19
102 61 17
102 63 20
68 27 0
104 58 9
141 88 34
140 81 21
110 49 0
99 37 0
158 97 34
156 97 31
158 101 34
135 80 13
119 65 1
100 48 0
101 51 2
99 50 10
75 26 0
91 46 17
69 25 0
95 54 22
65 25 0
71 34 0
92 55 10
98 52 3
111 65 16
105 59 9
109 63 13
109 62 10
104 57 5
112 66 14
103 57 7
107 65 17
84 43 0
84 45 6
75 39 5
62 28 0
52 20 0
49 18 0
74 45 27
68 43 2
70 41 0
94 58 10
102 59 6
130 79 22
122 68 8
120 65 8
104 51 0
103 55 6
97 54 11
91 52 13
85 47 10
81 43 7
82 42 6
87 45 7
91 47 10
99 57 15
98 56 14
87 45 3
67 25 0
96 54 12
87 45 3
93 50 7
104 60 15
107 60 14
113 63 14
118 65 13
124 67 12
131 70 15
137 75 16
146 82 21
152 86 25
157 87 27
157 87 27
