87 130
5 6 1
5 6 1
5 6 1
5 6 1
5 6 1
5 6 1
5 6 1
5 6 1
5 6 1
5 6 1
5 6 1
5 6 1
5 6 1
5 6 1
5 6 1
5 6 1
4 9 3
4 9 3
6 8 3
8 9 4
8 9 4
9 8 4
12 8 5
13 8 5
12 7 4
14 6 4
13 5 3
13 5 3
10 5 2
9 4 1
9 4 1
9 4 1
3 9 5
3 9 5
3 9 5
4 10 6
4 10 6
2 11 6
2 11 6
2 11 6
0 7 2
0 8 2
0 9 3
0 11 5
1 12 6
3 14 8
4 15 9
4 15 9
0 14 14
0 15 15
0 15 15
1 15 16
3 14 16
4 15 17
5 15 17
6 16 18
4 12 15
4 12 15
3 13 15
2 12 14
1 11 13
0 11 13
0 10 12
0 10 12
4 6 1
5 7 2
5 10 4
6 11 5
6 13 6
5 12 5
1 11 3
0 10 2
0 9 1
0 10 2
3 10 3
4 11 4
6 11 5
6 11 5
8 10 5
7 9 4
0 17 1
0 17 1
0 14 2
0 14 2
0 12 1
0 11 2
0 9 1
1 7 3
6 8 5
7 7 5
10 6 7
11 5 7
13 4 9
14 3 9
15 2 9
15 2 9
5 7 4
5 7 4
5 7 4
5 7 4
4 6 3
4 6 3
3 5 2
3 5 2
4 6 3
4 6 3
4 6 3
4 6 3
4 6 3
4 6 3
4 6 3
4 6 3
6 8 7
6 8 7
6 8 7
6 8 7
6 8 7
6 8 7
6 8 7
6 8 7
7 9 8
7 9 8
6 8 7
5 7 6
4 6 5
3 5 4
2 4 3
2 4 3
2 4 3
2 4 3
5 6 1
5 6 1
5 6 1
5 6 1
5 6 1
5 6 1
5 6 1
5 6 1
5 6 1
5 6 1
5 6 1
5 6 1
5 6 1
5 6 1
5 6 1
5 6 1
3 8 2
4 9 3
6 8 3
7 8 3
8 9 4
9 8 4
11 7 4
13 8 5
12 7 4
12 7 4
11 6 3
11 6 3
10 5 2
10 5 2
8 4 1
8 4 1
4 9 5
4 9 5
4 9 5
3 9 5
3 9 5
3 9 5
3 9 5
3 9 5
0 7 2
0 8 3
0 9 4
1 10 5
2 11 6
4 13 8
5 14 9
4 15 9
0 14 14
2 14 14
2 14 14
4 14 15
4 14 15
6 14 16
8 13 16
8 13 16
6 11 14
6 11 14
6 11 14
5 10 13
2 10 12
2 10 12
2 10 12
1 9 11
5 7 2
6 8 3
7 9 4
6 11 5
6 11 5
4 11 4
3 10 3
2 9 2
1 8 1
2 9 2
3 10 3
5 10 4
6 11 5
8 10 5
7 9 4
7 9 4
0 14 3
0 14 3
0 13 2
0 12 2
0 10 2
0 10 2
1 8 1
2 7 3
6 8 5
7 7 7
8 6 7
10 6 7
11 5 9
11 5 9
13 4 9
13 4 9
5 7 4
5 7 4
5 7 4
5 7 4
4 6 3
4 6 3
3 5 2
3 5 2
4 6 3
4 6 3
4 6 3
4 6 3
4 6 3
4 6 3
4 6 3
4 6 3
6 8 7
6 8 7
6 8 7
6 8 7
6 8 7
6 8 7
6 8 7
6 8 7
7 9 8
6 8 7
6 8 7
5 7 6
4 6 5
3 5 4
2 4 3
2 4 3
2 4 3
2 4 3
5 6 1
5 6 1
5 6 1
5 6 1
5 6 1
5 6 1
5 6 1
5 6 1
5 6 1
5 6 1
5 6 1
5 6 1
5 6 1
5 6 1
5 6 1
5 6 1
5 7 2
5 7 2
6 8 3
7 8 3
7 8 3
9 8 4
9 8 4
11 7 4
11 7 4
11 7 4
10 6 3
10 6 3
10 6 3
7 6 2
7 6 2
7 6 2
5 7 6
5 7 6
5 7 6
3 7 6
3 7 6
3 7 6
3 7 6
3 7 6
2 6 5
2 6 5
2 8 6
3 9 7
5 11 9
6 12 10
7 13 11
7 13 11
4 13 10
6 12 10
6 12 10
7 13 11
8 12 11
11 13 12
11 13 12
11 13 12
9 11 10
9 11 10
8 10 9
8 10 9
8 10 9
7 9 8
5 9 8
5 9 8
7 9 6
8 10 7
8 10 7
6 11 7
5 10 6
4 9 5
2 8 4
1 7 3
2 8 4
2 8 4
4 9 5
5 10 6
6 11 7
8 10 7
7 9 6
7 9 6
3 10 3
3 10 3
3 10 3
3 10 3
3 8 4
3 8 4
3 8 4
5 7 4
6 8 5
7 7 7
7 7 7
7 7 7
8 6 7
8 6 7
8 6 7
8 6 9
5 7 4
5 7 4
5 7 4
5 7 4
4 6 3
4 6 3
3 5 2
3 5 2
4 6 3
4 6 3
4 6 3
4 6 3
4 6 3
4 6 3
4 6 3
4 6 3
6 8 7
6 8 7
6 8 7
6 8 7
6 8 7
6 8 7
6 8 7
6 8 7
6 8 7
6 8 7
5 7 6
4 6 5
4 6 5
3 5 4
2 4 3
2 4 3
2 4 3
2 4 3
5 6 1
5 6 1
5 6 1
5 6 1
5 6 1
5 6 1
5 6 1
5 6 1
5 6 1
5 6 1
5 6 1
5 6 1
5 6 1
5 6 1
5 6 1
5 6 1
6 7 2
6 7 2
6 7 2
7 8 3
7 8 3
8 7 3
9 8 4
9 8 4
9 8 4
9 8 4
9 8 4
8 7 3
7 8 3
7 8 3
7 8 3
7 8 3
6 6 6
6 6 6
5 7 6
4 6 5
4 6 5
4 6 5
4 6 5
3 5 4
5 7 6
5 7 6
6 8 7
7 9 8
8 10 9
9 11 10
10 12 11
10 12 11
11 11 9
11 11 9
11 11 9
11 11 9
12 11 9
12 11 9
12 11 9
12 11 9
10 9 7
10 9 7
10 9 7
10 9 7
10 9 7
10 9 7
9 8 6
9 8 6
9 11 10
9 11 10
8 10 9
6 10 9
4 8 7
3 7 6
2 6 5
2 6 5
3 7 6
4 8 7
5 9 8
6 10 9
6 10 9
7 9 8
7 9 8
6 8 7
8 6 7
8 6 7
8 6 7
8 6 7
7 5 6
6 6 6
6 6 6
6 6 6
6 8 7
6 8 7
6 8 7
4 8 7
4 8 7
4 8 7
4 8 7
4 8 7
5 7 4
5 7 4
5 7 4
5 7 4
4 6 3
4 6 3
3 5 2
3 5 2
4 6 3
4 6 3
4 6 3
4 6 3
4 6 3
4 6 3
4 6 3
4 6 3
6 8 7
6 8 7
6 8 7
6 8 7
6 8 7
6 8 7
6 8 7
6 8 7
5 7 6
5 7 6
4 6 5
4 6 5
3 5 4
3 5 4
2 4 3
2 4 3
2 4 3
2 4 3
5 6 1
5 6 1
5 6 1
5 6 1
5 6 1
5 6 1
5 6 1
5 6 1
5 6 1
5 6 1
5 6 1
5 6 1
5 6 1
5 6 1
5 6 1
5 6 1
5 6 1
5 6 1
6 7 2
6 7 2
6 7 2
7 8 3
7 8 3
7 8 3
8 9 4
8 9 4
7 9 4
7 9 4
7 9 4
7 9 4
7 9 4
7 9 4
7 7 7
6 6 6
6 6 6
5 5 5
5 5 5
4 4 4
4 4 4
4 4 4
7 7 7
8 8 8
8 8 8
9 9 9
9 9 9
10 10 10
10 10 10
11 11 11
14 10 7
14 10 7
14 10 7
14 10 7
14 10 7
14 10 7
14 10 7
14 10 7
11 7 4
11 7 4
12 8 5
12 8 5
12 8 5
12 8 5
12 8 5
12 8 5
8 12 11
7 11 10
6 10 9
5 9 8
4 8 7
3 7 6
3 7 6
2 6 5
4 8 7
5 9 8
5 9 8
6 10 9
6 10 9
5 9 8
4 8 7
3 7 6
12 3 8
10 4 8
10 4 8
10 4 8
10 5 9
8 6 9
8 6 7
7 7 7
6 8 7
4 8 7
3 9 7
3 9 7
1 10 7
0 11 5
0 11 5
0 11 5
5 7 4
5 7 4
5 7 4
5 7 4
4 6 3
4 6 3
3 5 2
3 5 2
4 6 3
4 6 3
4 6 3
4 6 3
4 6 3
4 6 3
4 6 3
4 6 3
6 8 7
6 8 7
6 8 7
6 8 7
6 8 7
6 8 7
6 8 7
6 8 7
4 6 5
4 6 5
3 5 4
3 5 4
3 5 4
3 5 4
2 4 3
2 4 3
2 4 3
2 4 3
5 6 1
5 6 1
5 6 1
5 6 1
5 6 1
5 6 1
5 6 1
5 6 1
5 6 1
5 6 1
5 6 1
5 6 1
5 6 1
5 6 1
5 6 1
5 6 1
6 5 1
6 5 1
6 5 1
7 6 2
6 7 2
6 7 2
6 8 3
6 8 3
4 9 3
5 10 4
5 10 4
5 10 4
6 11 5
6 11 5
6 11 5
6 11 5
8 8 8
8 8 8
7 7 7
6 6 6
6 6 6
5 5 5
4 4 4
4 4 4
8 8 8
8 8 8
9 9 9
9 9 9
10 10 10
10 10 10
10 10 10
11 11 11
15 11 8
15 11 8
15 11 8
12 11 7
12 11 7
11 10 6
11 10 6
11 10 6
9 8 4
9 8 4
9 8 4
10 9 5
10 9 5
10 9 5
11 10 6
11 10 6
6 12 12
5 11 11
4 10 10
3 9 9
2 8 8
3 7 8
4 8 9
4 8 9
5 9 10
5 9 10
6 10 11
5 11 11
4 10 10
3 9 9
2 8 8
2 8 8
10 3 10
10 3 10
9 4 10
9 4 10
8 6 11
7 7 9
7 7 9
6 7 9
4 8 7
3 9 7
1 10 7
0 11 5
0 11 5
0 12 5
0 12 5
0 12 5
5 7 4
5 7 4
5 7 4
5 7 4
4 6 3
4 6 3
3 5 2
3 5 2
4 6 3
4 6 3
4 6 3
4 6 3
4 6 3
4 6 3
4 6 3
4 6 3
6 8 7
6 8 7
6 8 7
6 8 7
6 8 7
6 8 7
6 8 7
6 8 7
3 5 4
3 5 4
3 5 4
3 5 4
3 5 4
3 5 4
2 4 3
2 4 3
2 4 3
2 4 3
5 6 1
5 6 1
5 6 1
5 6 1
5 6 1
5 6 1
5 6 1
5 6 1
5 6 1
5 6 1
5 6 1
5 6 1
5 6 1
5 6 1
5 6 1
5 6 1
7 3 0
8 4 1
6 5 1
6 5 1
6 7 2
5 7 2
3 8 2
4 9 3
3 10 3
3 10 3
4 11 4
4 11 4
5 12 5
6 11 5
7 12 6
7 12 6
9 11 10
8 10 9
7 9 8
7 9 8
6 8 7
5 7 6
4 6 5
4 6 5
9 9 9
9 9 9
9 9 9
10 10 10
10 10 10
10 10 10
10 10 10
10 10 10
13 12 10
13 12 10
12 12 10
11 11 9
10 12 9
9 11 8
7 12 8
7 12 8
3 9 5
5 10 6
5 10 6
5 10 6
6 11 7
9 11 8
9 11 8
9 11 8
3 13 12
3 12 11
1 10 9
0 9 8
2 8 8
3 9 9
5 9 10
6 10 11
5 9 10
5 9 10
5 11 11
5 11 11
2 11 10
1 10 9
0 9 8
0 8 7
4 5 10
4 5 10
5 6 10
5 6 10
4 8 11
4 8 9
4 10 10
4 10 10
1 10 7
1 10 7
0 11 5
0 11 5
0 12 5
0 12 3
0 12 3
0 12 3
5 7 4
5 7 4
5 7 4
5 7 4
4 6 3
4 6 3
3 5 2
3 5 2
4 6 3
4 6 3
4 6 3
4 6 3
4 6 3
4 6 3
4 6 3
4 6 3
6 8 7
6 8 7
6 8 7
6 8 7
6 8 7
6 8 7
6 8 7
6 8 7
2 4 3
2 4 3
2 4 3
2 4 3
2 4 3
2 4 3
3 5 4
3 5 4
2 4 3
2 4 3
5 6 1
5 6 1
5 6 1
5 6 1
5 6 1
5 6 1
5 6 1
5 6 1
5 6 1
5 6 1
5 6 1
5 6 1
5 6 1
5 6 1
5 6 1
5 6 1
8 3 0
8 3 0
8 4 1
6 5 1
5 6 1
5 7 2
3 8 2
2 9 2
3 10 3
3 10 3
4 11 4
5 12 5
5 12 5
7 12 6
7 12 6
10 12 7
8 13 9
7 12 8
6 11 7
5 10 6
4 9 5
5 7 4
4 6 3
4 6 3
9 11 8
10 10 8
10 10 8
10 10 8
10 10 8
11 10 8
11 10 8
11 10 8
12 14 13
11 13 12
9 13 12
8 12 11
7 13 11
4 13 10
3 14 10
1 13 9
0 11 7
0 11 7
0 12 8
1 12 8
2 13 9
4 13 10
4 13 10
4 13 10
2 13 9
1 12 8
1 10 7
0 9 6
2 8 6
4 8 7
6 10 9
9 11 10
7 9 8
6 10 9
6 10 9
5 11 9
2 11 8
1 10 7
0 10 6
0 9 5
0 8 9
0 8 9
0 9 10
0 9 10
0 10 9
0 10 9
1 11 10
1 12 8
0 11 7
0 11 5
0 11 5
0 11 5
0 11 3
0 11 3
1 11 3
1 11 3
5 7 4
5 7 4
5 7 4
5 7 4
4 6 3
4 6 3
3 5 2
3 5 2
4 6 3
4 6 3
4 6 3
4 6 3
4 6 3
4 6 3
4 6 3
4 6 3
6 8 7
6 8 7
6 8 7
6 8 7
6 8 7
6 8 7
6 8 7
6 8 7
1 3 2
1 3 2
2 4 3
2 4 3
2 4 3
2 4 3
3 5 4
3 5 4
2 4 3
2 4 3
6 7 2
6 7 2
6 7 2
5 6 1
5 6 1
5 6 1
4 5 0
4 5 0
5 6 1
5 6 1
5 6 1
5 6 1
5 6 1
5 6 1
5 6 1
5 6 1
9 4 1
9 4 1
8 4 1
6 5 1
5 6 1
2 7 1
1 8 1
1 8 1
1 11 3
1 11 3
3 10 3
4 9 3
4 9 3
7 9 4
9 10 5
10 11 6
6 11 5
6 11 5
6 11 5
7 9 4
7 9 4
7 9 4
8 9 4
8 9 4
9 10 5
10 9 5
9 8 4
9 8 4
11 7 4
12 8 5
13 9 6
14 10 7
6 7 9
9 10 12
10 14 15
9 15 15
3 13 12
0 12 10
0 12 9
0 12 9
1 17 14
0 14 11
0 12 9
0 14 11
2 17 14
5 17 15
2 12 11
0 8 7
0 6 1
0 4 0
0 5 1
5 10 6
8 10 7
5 5 3
6 5 3
8 7 5
9 8 6
10 9 7
8 8 6
5 7 4
4 9 5
7 13 9
4 13 8
0 7 2
0 11 7
0 11 7
0 11 7
0 10 7
0 11 5
0 12 7
0 13 8
2 14 10
0 10 4
0 10 4
0 8 3
1 8 1
2 9 2
4 9 3
6 11 5
7 12 6
6 8 5
6 8 5
6 8 5
6 8 5
6 8 5
6 8 5
6 8 5
6 8 5
7 9 6
7 9 6
6 8 5
6 8 5
5 7 4
5 7 4
4 6 3
4 6 3
7 9 8
7 9 8
6 8 7
5 7 6
4 6 5
3 5 4
2 4 3
2 4 3
3 5 4
3 5 4
3 5 4
3 5 4
3 5 4
3 5 4
3 5 4
3 5 4
4 6 5
4 6 5
7 8 3
6 7 2
6 7 2
6 7 2
5 6 1
5 6 1
5 6 1
4 5 0
5 6 1
5 6 1
5 6 1
5 6 1
5 6 1
5 6 1
5 6 1
5 6 1
11 3 1
9 4 1
8 4 1
6 5 1
4 6 1
2 7 1
1 8 1
1 8 1
2 12 4
4 11 4
4 9 3
6 8 3
7 8 3
9 8 4
12 8 5
14 9 6
7 8 2
7 8 2
8 9 3
10 9 4
10 9 4
9 8 3
11 8 3
11 8 3
12 7 3
11 6 2
13 5 2
13 5 2
14 4 2
15 5 3
16 6 4
17 7 5
11 6 12
10 8 13
9 8 13
8 9 13
5 10 13
2 12 13
2 14 14
1 15 15
0 14 13
0 15 14
2 16 16
2 16 16
3 15 15
2 12 13
2 10 12
4 9 12
14 15 9
9 10 4
9 8 3
13 10 5
16 8 5
15 5 3
18 7 5
23 12 10
21 10 8
21 10 8
15 5 3
8 0 0
5 2 0
7 6 1
6 7 1
2 3 0
2 22 13
0 19 10
0 15 7
0 14 6
0 13 6
0 12 5
0 9 2
0 5 0
1 11 3
3 10 3
4 9 3
6 8 3
6 8 3
7 8 3
7 8 3
8 9 4
6 8 5
6 8 5
6 8 5
6 8 5
6 8 5
6 8 5
6 8 5
6 8 5
6 8 5
6 8 5
6 8 5
6 8 5
5 7 4
5 7 4
5 7 4
5 7 4
7 9 8
6 8 7
6 8 7
5 7 6
4 6 5
3 5 4
2 4 3
2 4 3
3 5 4
3 5 4
3 5 4
3 5 4
3 5 4
3 5 4
3 5 4
3 5 4
4 6 5
4 6 5
7 8 3
7 8 3
6 7 2
6 7 2
6 7 2
5 6 1
5 6 1
5 6 1
5 6 1
5 6 1
5 6 1
5 6 1
5 6 1
5 6 1
5 6 1
5 6 1
11 3 1
9 4 1
8 4 1
6 5 1
4 6 1
2 7 1
1 8 1
1 8 1
4 11 4
4 9 3
6 8 3
7 6 2
9 5 2
13 5 3
15 5 4
17 5 5
11 4 0
13 6 0
16 7 0
17 8 1
18 9 2
19 8 2
18 7 1
19 6 0
22 7 2
21 6 1
23 5 1
23 5 1
24 5 1
25 6 2
26 7 3
28 7 4
22 5 11
19 2 8
14 2 6
11 2 5
9 5 6
7 7 7
6 8 7
3 9 7
0 6 4
5 11 9
9 15 13
9 13 12
7 9 8
6 4 5
9 7 8
14 10 11
20 10 1
15 5 0
15 0 0
19 2 0
23 2 0
25 1 0
31 6 2
40 12 9
43 15 12
38 13 9
29 5 1
18 0 0
15 0 0
17 2 0
16 6 0
13 3 0
4 12 1
2 10 0
1 9 0
3 11 0
8 14 4
9 14 7
7 12 5
6 9 2
5 8 1
6 7 1
7 8 3
8 7 3
8 7 3
8 7 3
7 6 2
6 5 1
6 8 5
6 8 5
6 8 5
6 8 5
6 8 5
6 8 5
6 8 5
6 8 5
5 7 4
5 7 4
5 7 4
5 7 4
6 8 5
6 8 5
6 8 5
6 8 5
6 8 7
6 8 7
5 7 6
4 6 5
4 6 5
3 5 4
2 4 3
2 4 3
3 5 4
3 5 4
3 5 4
3 5 4
3 5 4
3 5 4
3 5 4
3 5 4
4 6 5
4 6 5
7 8 3
7 8 3
7 8 3
6 7 2
6 7 2
6 7 2
5 6 1
5 6 1
5 6 1
5 6 1
5 6 1
5 6 1
5 6 1
5 6 1
5 6 1
5 6 1
11 3 1
9 4 1
8 4 1
6 5 1
4 6 1
2 7 1
1 8 1
1 8 1
3 8 2
4 6 1
6 5 1
8 3 0
12 2 1
16 2 2
20 1 3
20 1 3
21 2 0
24 4 0
27 7 0
29 9 2
32 9 3
32 9 3
31 6 1
33 5 1
38 10 6
39 10 6
39 8 5
39 8 5
41 7 5
42 8 6
45 10 8
45 10 8
45 5 13
40 3 10
35 3 8
32 3 7
29 4 7
25 7 7
19 5 4
14 3 1
12 2 0
14 4 2
16 5 3
17 3 2
17 1 1
22 2 3
27 5 7
31 9 11
27 0 0
24 0 0
26 0 0
34 0 0
41 2 0
46 2 0
53 8 5
61 13 11
64 16 14
60 15 12
51 7 4
40 1 0
36 1 0
37 7 0
37 8 0
33 6 0
14 0 0
16 2 0
19 5 0
19 6 0
19 6 0
17 7 0
17 6 0
17 8 1
9 2 0
10 2 0
9 4 0
10 5 2
10 6 3
9 5 2
6 5 3
6 5 3
6 8 5
6 8 5
6 8 5
6 8 5
6 8 5
6 8 5
6 8 5
6 8 5
4 6 3
4 6 3
5 7 4
5 7 4
6 8 5
6 8 5
7 9 6
7 9 6
5 7 6
5 7 6
4 6 5
4 6 5
3 5 4
3 5 4
2 4 3
2 4 3
3 5 4
3 5 4
3 5 4
3 5 4
3 5 4
3 5 4
3 5 4
3 5 4
4 6 5
4 6 5
8 9 4
8 9 4
7 8 3
7 8 3
7 8 3
6 7 2
6 7 2
6 7 2
5 6 1
5 6 1
5 6 1
5 6 1
5 6 1
5 6 1
5 6 1
5 6 1
9 4 1
9 4 1
8 4 1
5 6 1
4 6 1
2 7 1
1 8 1
1 8 1
0 5 0
3 4 0
6 2 0
10 0 0
15 0 0
19 0 1
24 0 3
26 0 4
37 2 0
39 4 0
41 6 2
45 7 4
46 8 5
47 7 5
47 6 4
49 5 4
54 10 9
54 8 8
56 8 8
57 7 8
57 7 8
59 7 9
60 8 10
61 9 11
66 4 9
66 5 10
66 7 11
63 11 13
61 13 13
53 12 10
46 8 5
39 6 1
37 4 0
34 1 0
31 0 0
35 0 0
41 1 0
48 7 5
54 8 8
56 10 10
50 3 0
50 1 0
57 4 0
67 9 7
73 12 11
74 10 10
79 11 12
84 14 16
79 9 11
78 10 11
70 6 6
63 2 1
62 4 2
63 10 6
60 11 6
55 8 2
53 8 3
57 12 7
57 14 8
48 7 3
35 0 0
24 0 0
21 0 0
21 0 0
17 0 0
14 0 0
12 1 0
11 3 0
10 5 2
7 6 4
6 6 4
6 6 4
6 8 5
6 8 5
6 8 5
6 8 5
6 8 5
6 8 5
6 8 5
6 8 5
4 6 3
4 6 3
5 7 4
5 7 4
6 8 5
6 8 5
7 9 6
7 9 6
4 6 5
4 6 5
3 5 4
3 5 4
3 5 4
3 5 4
2 4 3
2 4 3
3 5 4
3 5 4
3 5 4
3 5 4
3 5 4
3 5 4
3 5 4
3 5 4
3 5 4
3 5 4
8 9 4
8 9 4
8 9 4
7 8 3
7 8 3
7 8 3
6 7 2
6 7 2
5 6 1
5 6 1
5 6 1
5 6 1
5 6 1
5 6 1
5 6 1
5 6 1
9 4 1
9 4 1
6 5 1
5 6 1
4 6 1
2 7 1
2 7 1
2 7 1
1 3 0
4 3 0
9 1 0
14 0 0
20 0 2
26 0 4
31 0 6
33 0 7
54 3 0
55 4 1
55 4 1
55 4 1
58 4 2
60 4 3
62 4 3
63 5 4
64 4 4
64 2 3
66 2 3
67 1 3
67 1 3
70 1 4
71 2 5
72 3 6
81 0 0
84 0 1
87 5 7
88 10 10
81 10 8
73 8 4
66 5 0
63 6 0
64 7 0
59 2 0
56 0 0
61 0 0
70 7 2
79 11 8
80 10 8
80 9 7
75 8 2
76 7 2
84 10 7
94 16 14
97 16 15
94 8 9
93 4 6
94 4 6
90 0 2
90 1 3
85 0 0
79 0 0
79 1 0
81 7 4
79 10 5
75 8 2
88 8 9
90 12 12
86 12 11
75 5 5
60 0 0
50 0 0
46 0 0
44 3 1
33 0 0
26 0 0
20 2 0
13 3 1
8 4 1
5 5 3
5 7 4
4 8 7
6 8 5
6 8 5
6 8 5
6 8 5
6 8 5
6 8 5
6 8 5
6 8 5
5 7 4
5 7 4
5 7 4
5 7 4
6 8 5
6 8 5
6 8 5
6 8 5
3 5 4
3 5 4
3 5 4
3 5 4
3 5 4
3 5 4
2 4 3
2 4 3
3 5 4
3 5 4
3 5 4
3 5 4
3 5 4
3 5 4
3 5 4
3 5 4
3 5 4
3 5 4
9 10 5
8 9 4
8 9 4
8 9 4
7 8 3
7 8 3
7 8 3
6 7 2
5 6 1
5 6 1
5 6 1
5 6 1
5 6 1
5 6 1
5 6 1
5 6 1
9 4 1
8 4 1
6 5 1
5 6 1
4 6 1
2 7 1
2 7 1
2 7 1
4 5 0
7 3 0
12 2 1
20 1 3
27 2 6
34 3 9
39 4 11
42 5 13
68 4 4
66 2 2
65 1 1
64 0 0
65 0 0
68 0 1
71 1 3
74 2 5
73 0 2
73 0 1
73 0 1
75 0 1
76 0 1
77 0 2
79 0 3
80 0 4
101 0 0
107 0 1
110 6 7
105 7 6
92 1 0
84 0 0
79 0 0
79 2 0
76 2 0
78 4 0
83 6 0
89 9 2
93 10 4
95 7 3
93 4 0
92 1 0
89 6 2
90 5 2
96 8 6
103 12 11
107 9 10
103 0 3
100 0 0
100 0 0
104 0 2
103 0 1
96 0 0
89 0 0
87 0 0
92 4 2
94 9 6
91 8 4
102 0 0
99 0 0
94 0 0
90 0 0
86 0 3
83 7 11
80 14 16
74 20 20
52 8 9
40 9 7
28 7 6
17 6 4
9 5 2
4 6 3
2 8 6
1 10 7
6 8 5
6 8 5
6 8 5
6 8 5
6 8 5
6 8 5
6 8 5
6 8 5
6 8 5
6 8 5
6 8 5
6 8 5
5 7 4
5 7 4
5 7 4
5 7 4
2 4 3
2 4 3
2 4 3
2 4 3
2 4 3
2 4 3
3 5 4
3 5 4
3 5 4
3 5 4
3 5 4
3 5 4
3 5 4
3 5 4
3 5 4
3 5 4
2 4 3
2 4 3
9 10 5
9 10 5
8 9 4
8 9 4
8 9 4
7 8 3
7 8 3
7 8 3
5 6 1
5 6 1
5 6 1
5 6 1
5 6 1
5 6 1
5 6 1
5 6 1
9 4 1
8 4 1
6 5 1
5 6 1
4 6 1
2 7 1
2 7 1
4 6 1
6 7 2
10 5 2
16 4 4
23 4 6
31 4 9
39 6 13
45 8 16
50 8 18
74 4 6
71 1 3
69 0 0
67 0 0
69 0 0
72 0 0
75 0 3
79 0 5
77 0 2
78 0 2
79 0 1
80 0 1
81 0 2
84 0 3
85 0 4
85 0 4
127 4 6
131 11 12
132 16 16
121 12 9
104 1 0
92 0 0
90 0 0
92 4 0
81 0 0
89 2 0
100 12 2
104 14 5
103 9 1
99 0 0
95 0 0
94 0 0
95 4 1
96 2 0
102 4 3
110 7 8
112 6 8
109 0 2
108 0 0
109 0 0
116 0 5
112 0 2
102 0 0
93 0 0
93 0 0
100 2 1
103 9 7
101 10 7
114 0 0
104 0 0
95 0 0
96 0 0
101 2 7
102 15 21
96 21 25
85 23 26
65 16 19
51 15 15
36 12 12
20 9 7
10 6 3
2 7 3
0 8 5
0 10 6
6 8 5
6 8 5
6 8 5
6 8 5
6 8 5
6 8 5
6 8 5
6 8 5
7 9 6
7 9 6
6 8 5
6 8 5
5 7 4
5 7 4
4 6 3
4 6 3
1 3 2
1 3 2
2 4 3
2 4 3
2 4 3
2 4 3
3 5 4
3 5 4
3 5 4
3 5 4
3 5 4
3 5 4
3 5 4
3 5 4
3 5 4
3 5 4
2 4 3
2 4 3
9 8 4
9 8 4
9 8 4
9 8 4
9 8 4
9 8 4
9 8 4
9 8 4
9 8 4
9 8 4
9 8 4
9 8 4
9 8 4
9 8 4
9 8 4
9 8 4
12 11 0
4 6 0
0 7 0
0 13 8
0 11 16
0 5 13
2 2 10
18 3 6
24 0 0
49 0 0
66 3 0
73 1 0
76 4 0
69 0 0
63 0 0
68 6 7
68 4 4
68 4 4
71 3 4
71 1 3
71 0 2
69 0 1
66 0 0
62 0 0
66 5 2
64 3 0
65 2 0
71 0 0
79 0 0
89 0 0
104 1 4
113 7 11
167 0 0
163 5 4
149 11 9
121 7 6
94 3 0
82 3 0
81 4 0
86 1 0
98 1 0
109 0 0
117 0 0
116 0 0
108 0 0
100 0 0
95 5 7
95 10 13
123 0 0
115 0 0
112 0 0
118 0 0
120 1 0
116 1 0
114 2 0
115 8 2
116 13 8
101 2 0
87 0 0
88 0 0
96 7 0
101 14 5
92 8 0
82 0 0
81 3 1
79 0 0
85 0 0
97 3 1
112 12 10
117 13 10
109 4 0
97 0 0
97 4 0
80 0 0
69 4 0
59 14 9
37 9 5
8 0 0
0 1 0
5 11 9
0 7 6
0 8 7
0 9 8
3 9 9
5 9 10
7 8 10
6 8 7
7 7 7
9 7 8
9 7 8
8 6 7
7 5 6
6 4 5
4 4 4
3 3 3
3 3 3
3 3 3
3 3 3
3 3 3
4 4 4
5 5 5
5 5 5
6 6 6
6 6 6
4 4 4
4 4 4
4 4 4
4 4 4
4 4 4
4 4 4
4 4 4
4 4 4
3 3 3
3 3 3
9 8 4
9 8 4
9 8 4
9 8 4
9 8 4
9 8 4
9 8 4
9 8 4
9 8 4
9 8 4
9 8 4
9 8 4
9 8 4
9 8 4
9 8 4
9 8 4
15 14 0
3 7 0
0 4 0
0 6 2
0 9 12
0 6 14
10 5 12
27 5 7
33 0 0
66 9 0
80 11 0
78 2 0
79 3 0
74 1 0
68 0 0
72 6 8
65 1 1
67 1 2
69 1 2
72 0 3
72 0 3
72 0 3
70 0 2
67 2 0
66 5 2
63 2 0
66 1 0
76 2 0
84 0 0
91 0 0
105 2 5
121 12 17
167 0 0
164 4 4
149 9 8
121 6 3
99 1 0
88 3 0
88 5 1
94 3 0
106 3 0
113 0 0
117 0 0
117 0 0
112 0 0
105 1 2
96 4 5
91 6 9
118 0 0
116 0 0
120 0 0
125 6 2
126 8 6
119 4 1
114 2 0
114 6 3
107 4 0
100 1 0
95 0 0
94 1 0
96 6 0
96 7 0
91 4 0
86 0 0
79 0 0
83 0 0
89 0 0
102 4 3
111 7 6
115 7 4
111 2 0
105 0 0
99 0 0
87 0 0
76 5 1
67 14 10
49 11 8
23 2 0
9 0 0
9 5 2
0 6 6
3 9 7
6 10 9
6 10 9
4 8 7
5 7 6
6 8 7
9 9 9
8 8 8
7 7 7
7 7 7
6 6 6
5 5 5
4 4 4
3 3 3
3 3 3
3 3 3
3 3 3
3 3 3
4 4 4
5 5 5
5 5 5
5 5 5
6 6 6
4 4 4
4 4 4
4 4 4
4 4 4
4 4 4
4 4 4
4 4 4
4 4 4
3 3 3
3 3 3
9 8 4
9 8 4
9 8 4
9 8 4
9 8 4
9 8 4
9 8 4
9 8 4
9 8 4
9 8 4
9 8 4
9 8 4
9 8 4
9 8 4
9 8 4
9 8 4
12 14 0
4 7 0
0 4 0
0 6 3
2 7 10
6 4 9
16 0 3
30 0 0
59 6 0
92 24 11
101 22 7
88 5 0
84 0 0
81 2 0
76 2 1
76 5 9
65 0 0
67 0 0
69 0 1
73 0 2
74 0 3
75 0 4
73 3 5
73 5 4
69 5 3
63 0 0
68 1 0
81 6 1
88 2 1
92 0 0
107 1 3
131 18 22
170 0 0
167 5 3
152 8 7
125 3 0
104 0 0
96 1 0
100 5 1
108 4 1
119 6 2
121 0 0
122 0 0
122 0 0
119 0 0
110 4 4
99 5 5
90 1 3
112 0 0
118 0 0
127 7 6
135 17 15
130 15 12
120 7 3
111 2 0
111 3 0
98 0 0
99 0 0
102 5 0
100 5 0
94 3 0
92 1 0
90 1 0
90 1 0
83 0 0
88 0 0
97 1 3
107 3 4
112 2 3
116 0 0
116 0 0
114 0 0
105 0 0
98 0 0
89 5 3
77 9 8
62 11 8
44 6 5
27 0 0
15 0 0
8 4 5
9 7 8
11 9 10
9 9 9
6 6 6
4 6 5
6 8 7
9 11 10
4 8 7
6 8 7
5 7 6
4 6 5
5 5 5
4 4 4
3 3 3
3 3 3
3 3 3
3 3 3
4 4 4
4 4 4
4 4 4
5 5 5
5 5 5
5 5 5
4 4 4
4 4 4
4 4 4
4 4 4
4 4 4
4 4 4
4 4 4
4 4 4
3 3 3
3 3 3
9 8 4
9 8 4
9 8 4
9 8 4
9 8 4
9 8 4
9 8 4
9 8 4
9 8 4
9 8 4
9 8 4
9 8 4
9 8 4
9 8 4
9 8 4
9 8 4
5 9 0
6 10 0
8 11 4
10 10 8
12 6 8
14 0 0
22 0 0
36 0 0
86 18 7
119 36 20
124 31 14
104 8 0
95 1 0
92 4 0
85 3 5
83 4 9
68 0 0
69 0 0
72 0 0
74 0 0
75 0 3
76 0 4
74 2 5
74 4 4
74 6 5
66 0 0
70 0 0
86 7 3
92 2 1
93 0 0
111 0 0
136 17 21
175 3 0
172 9 4
157 9 5
133 1 0
114 0 0
108 0 0
115 3 1
122 4 2
136 8 5
140 2 0
138 0 0
133 0 0
126 1 0
115 3 1
101 1 1
91 0 0
110 0 0
121 3 1
132 17 14
136 20 20
127 13 12
115 3 1
108 0 0
105 0 0
98 0 0
101 0 0
101 3 0
99 4 0
95 0 0
92 0 0
91 0 0
93 2 0
91 0 2
97 0 3
103 0 4
112 2 5
117 1 2
122 0 1
122 0 0
122 0 0
114 0 0
109 0 0
99 1 0
87 3 1
77 7 7
67 9 8
49 0 0
32 0 0
18 2 3
16 2 2
14 2 4
12 3 4
10 6 5
8 8 6
7 9 6
4 10 6
2 8 4
2 8 4
1 7 3
2 6 5
3 5 4
4 4 4
3 3 3
4 2 3
4 4 4
4 4 4
4 4 4
4 4 4
4 4 4
4 4 4
5 5 5
5 5 5
3 3 3
3 3 3
3 3 3
3 3 3
3 3 3
3 3 3
3 3 3
3 3 3
3 3 3
3 3 3
9 8 4
9 8 4
9 8 4
9 8 4
9 8 4
9 8 4
9 8 4
9 8 4
9 8 4
9 8 4
9 8 4
9 8 4
9 8 4
9 8 4
9 8 4
9 8 4
0 7 0
6 11 4
12 13 8
14 6 4
16 0 0
28 0 0
47 0 0
67 0 0
112 24 10
140 39 21
140 33 15
122 12 0
111 7 0
104 6 3
92 2 4
89 2 8
75 4 2
76 2 1
76 0 2
76 0 0
77 0 2
76 0 2
75 0 3
73 1 4
76 6 6
69 0 0
75 0 0
88 5 1
95 0 0
99 0 0
115 0 0
137 13 15
180 9 1
177 12 6
165 12 7
142 3 0
125 0 0
122 0 0
130 2 1
139 4 1
155 12 8
160 11 7
161 9 4
150 5 0
134 0 0
116 0 0
103 0 0
96 1 0
112 0 0
123 9 8
131 17 16
128 16 14
115 6 3
107 0 0
103 0 0
102 0 0
103 0 0
101 0 0
98 0 0
96 0 0
97 0 0
96 1 0
97 2 0
98 3 1
102 1 7
102 0 5
106 0 3
113 0 3
125 2 5
131 2 6
131 0 1
128 0 0
121 0 0
117 0 0
109 0 0
101 0 0
97 7 7
93 13 14
79 7 8
66 0 0
34 3 8
27 0 2
19 0 0
16 0 0
16 6 4
15 11 8
8 10 5
1 8 1
0 9 3
0 9 3
0 8 2
0 7 2
1 5 4
3 5 4
3 3 3
4 2 3
5 5 5
5 5 5
4 4 4
4 4 4
4 4 4
4 4 4
4 4 4
4 4 4
3 3 3
3 3 3
3 3 3
3 3 3
3 3 3
3 3 3
3 3 3
3 3 3
3 3 3
3 3 3
9 8 4
9 8 4
9 8 4
9 8 4
9 8 4
9 8 4
9 8 4
9 8 4
9 8 4
9 8 4
9 8 4
9 8 4
9 8 4
9 8 4
9 8 4
9 8 4
0 9 6
6 10 9
9 5 4
11 0 0
24 0 0
51 0 0
87 14 5
114 22 9
133 26 8
152 33 13
148 25 7
137 15 0
129 15 5
116 8 6
98 0 2
95 0 6
82 6 6
80 4 4
79 1 1
78 0 1
77 0 0
76 0 1
76 0 2
73 0 2
79 5 6
76 2 1
79 0 0
90 1 0
101 0 0
111 0 0
126 2 2
139 9 11
180 9 0
181 14 5
170 13 6
153 4 0
140 0 0
141 0 0
149 3 3
158 6 5
172 13 10
177 14 9
176 14 9
163 10 4
141 2 0
121 0 0
107 0 0
102 0 0
113 4 1
121 12 9
124 14 13
116 6 5
105 0 0
102 0 0
101 0 0
103 0 0
107 3 2
103 0 0
98 0 0
98 0 0
99 0 0
102 2 4
103 3 5
102 2 4
108 3 10
106 0 7
106 0 1
115 0 2
125 0 4
132 1 6
133 0 0
130 0 0
126 0 0
121 0 0
118 0 0
118 2 2
120 12 12
116 16 16
108 14 14
100 10 10
53 6 12
43 1 5
32 0 0
26 0 0
23 5 3
18 11 5
8 9 3
0 6 0
0 9 0
0 9 0
0 9 2
0 8 2
0 6 2
3 5 4
3 3 3
4 2 3
5 5 5
5 5 5
5 5 5
4 4 4
4 4 4
4 4 4
3 3 3
3 3 3
2 2 2
2 2 2
2 2 2
2 2 2
2 2 2
2 2 2
2 2 2
2 2 2
3 3 3
3 3 3
9 8 4
9 8 4
9 8 4
9 8 4
9 8 4
9 8 4
9 8 4
9 8 4
9 8 4
9 8 4
9 8 4
9 8 4
9 8 4
9 8 4
9 8 4
9 8 4
2 10 13
7 8 12
11 1 2
21 0 0
47 0 0
86 16 8
121 29 16
143 32 15
149 22 3
156 21 1
152 15 0
150 18 5
148 24 16
126 10 10
102 0 0
99 0 4
84 6 4
83 3 2
81 0 1
80 0 0
79 0 0
77 0 1
77 0 2
75 0 3
79 3 5
82 4 2
84 0 0
90 0 0
107 0 0
128 8 7
143 10 11
146 8 8
176 6 0
179 13 1
175 12 5
162 5 0
154 0 0
160 2 3
170 7 8
178 10 9
184 12 8
185 12 6
180 11 4
167 9 0
149 5 0
130 1 0
114 0 0
105 0 0
112 4 2
118 10 8
118 10 8
108 0 0
101 0 0
101 0 0
105 0 0
106 0 0
106 0 2
103 0 0
102 0 0
103 0 2
105 0 4
107 2 6
106 1 5
106 1 5
105 0 7
105 0 4
108 0 3
112 0 1
119 0 0
124 0 0
130 0 0
132 0 0
131 0 0
125 0 0
126 0 0
135 10 8
135 15 14
123 9 8
114 4 3
114 6 4
72 11 18
66 9 15
55 6 9
42 3 4
27 2 0
16 3 0
8 5 0
2 8 0
0 8 0
0 8 0
0 8 0
0 7 1
0 5 1
0 4 3
4 4 4
5 3 4
6 6 6
5 5 5
5 5 5
5 5 5
4 4 4
3 3 3
3 3 3
3 3 3
2 2 2
2 2 2
2 2 2
2 2 2
2 2 2
2 2 2
2 2 2
2 2 2
3 3 3
3 3 3
9 8 4
9 8 4
9 8 4
9 8 4
9 8 4
9 8 4
9 8 4
9 8 4
9 8 4
9 8 4
9 8 4
9 8 4
9 8 4
9 8 4
9 8 4
9 8 4
4 8 17
9 6 13
19 0 2
39 0 0
75 12 5
116 28 16
142 31 14
151 22 1
159 18 0
158 11 0
154 7 0
159 19 6
160 28 23
133 11 10
106 0 0
103 0 2
84 5 1
84 3 0
83 0 0
81 0 0
80 0 0
80 0 2
80 0 4
79 0 5
79 0 3
85 5 4
88 0 0
92 0 0
113 1 0
144 16 13
157 19 17
154 8 8
170 3 0
177 9 0
178 11 2
169 4 0
166 1 0
173 3 4
184 10 11
192 14 12
193 11 7
186 7 0
178 6 0
168 6 0
155 6 0
138 5 0
121 0 0
107 0 0
110 2 0
116 8 6
114 6 4
104 0 0
100 0 0
106 0 0
111 3 3
109 3 3
102 0 0
105 0 1
108 2 4
109 3 7
108 2 6
107 1 5
107 1 5
107 1 5
99 0 0
104 0 4
109 0 5
110 0 0
110 0 0
114 0 0
123 0 0
132 0 0
134 0 0
127 0 0
131 0 0
143 13 11
139 14 10
121 0 0
108 0 0
111 0 0
87 12 19
86 15 21
77 17 19
58 8 9
33 0 0
17 0 0
9 0 0
7 9 0
0 6 0
0 7 0
0 8 0
0 7 1
0 5 1
0 4 3
4 4 4
5 3 4
6 6 6
6 6 6
5 5 5
5 5 5
4 4 4
3 3 3
3 3 3
3 3 3
2 2 2
2 2 2
2 2 2
2 2 2
2 2 2
2 2 2
2 2 2
2 2 2
3 3 3
3 3 3
9 8 4
9 8 4
9 8 4
9 8 4
9 8 4
9 8 4
9 8 4
9 8 4
6 5 1
6 5 1
6 5 1
7 6 2
8 7 3
8 7 3
9 8 4
9 8 4
5 5 15
26 16 25
28 2 5
44 0 0
96 19 9
134 31 16
146 19 2
156 14 0
173 21 0
163 8 0
159 7 0
163 19 10
154 21 16
130 6 4
110 0 0
103 0 0
84 3 0
86 2 0
85 0 0
84 0 1
83 0 2
82 0 4
80 0 4
79 0 4
78 0 1
84 3 2
84 0 0
94 0 0
125 7 3
149 17 13
159 16 12
170 18 15
180 13 0
179 12 0
175 7 0
172 3 0
178 4 3
186 8 8
188 6 5
183 0 0
190 6 0
191 10 0
187 14 0
167 5 0
147 0 0
145 8 0
135 10 6
112 0 0
108 0 0
113 5 2
111 3 1
105 0 0
105 0 0
112 4 2
113 5 5
109 1 1
110 0 1
110 0 3
111 1 4
111 1 4
111 1 4
110 0 5
110 0 5
109 0 4
98 0 1
100 0 0
102 0 0
108 0 0
114 2 1
120 2 0
122 0 0
122 0 0
124 0 0
127 0 0
134 5 0
141 12 7
137 8 3
124 0 0
120 0 0
122 0 0
84 0 6
77 0 2
75 3 6
73 13 13
56 11 8
30 0 0
14 0 0
10 1 0
3 5 0
0 5 0
0 5 0
0 7 0
2 8 4
4 6 5
2 2 2
0 0 0
5 5 5
5 5 5
4 4 4
4 4 4
3 3 3
2 2 2
2 2 2
2 2 2
2 2 2
2 2 2
2 2 2
2 2 2
2 2 2
2 2 2
2 2 2
2 2 2
2 2 2
3 3 3
9 8 4
9 8 4
9 8 4
9 8 4
9 8 4
9 8 4
9 8 4
9 8 4
7 6 2
7 6 2
7 6 2
7 6 2
8 7 3
8 7 3
8 7 3
8 7 3
9 3 15
17 2 9
28 0 0
58 0 0
112 22 11
152 35 18
164 25 6
166 13 0
185 26 7
175 15 1
163 9 0
158 14 6
149 16 11
133 9 7
117 1 1
110 0 0
87 4 0
86 3 0
86 0 0
84 0 0
84 0 3
82 0 4
81 0 5
80 0 5
78 0 1
88 4 4
91 0 0
99 0 0
129 7 2
153 16 10
163 14 8
174 17 12
180 15 0
183 17 1
182 14 3
181 8 1
183 5 1
187 8 4
189 6 2
187 3 0
193 11 0
192 15 0
184 15 0
170 10 0
158 10 0
146 9 1
133 4 0
123 0 0
107 0 0
110 1 0
109 0 0
106 0 0
107 0 0
113 1 0
115 3 2
111 0 0
112 0 1
113 0 2
113 0 2
114 1 5
114 1 5
113 0 4
112 0 3
111 0 2
99 1 0
99 0 0
101 0 0
105 1 0
111 3 1
113 4 1
115 2 0
116 0 0
119 0 0
122 0 0
131 6 0
141 14 8
138 11 4
127 0 0
118 0 0
118 0 0
91 0 2
85 0 0
79 0 0
76 6 6
67 9 7
49 6 0
32 2 0
21 2 0
10 1 0
6 3 0
4 5 0
3 5 0
3 5 2
2 4 3
2 4 3
2 4 3
4 4 4
4 4 4
4 4 4
3 3 3
3 3 3
2 2 2
2 2 2
2 2 2
1 1 1
2 2 2
2 2 2
2 2 2
2 2 2
2 2 2
3 3 3
3 3 3
3 3 3
3 3 3
9 8 4
9 8 4
9 8 4
9 8 4
9 8 4
9 8 4
9 8 4
9 8 4
9 8 4
8 7 3
8 7 3
8 7 3
8 7 3
8 7 3
7 6 2
7 6 2
19 6 15
22 0 3
48 2 2
91 18 11
126 24 10
153 26 9
168 21 3
170 10 0
181 19 6
176 18 7
165 14 7
154 12 8
146 14 10
137 15 12
121 6 1
107 0 0
88 5 0
88 3 0
86 1 0
85 0 0
84 0 3
83 0 5
81 0 5
81 0 6
77 0 0
89 3 2
93 0 0
103 0 0
132 7 1
154 13 6
163 10 2
173 12 4
178 15 0
183 20 3
187 19 6
186 13 6
188 10 6
191 12 7
193 12 5
190 9 0
190 15 0
193 24 3
174 14 0
160 8 0
159 16 0
140 3 0
119 0 0
122 0 0
111 0 0
113 0 0
112 0 0
109 0 0
109 0 0
113 0 0
116 2 1
114 0 0
115 1 1
115 1 1
115 1 1
116 1 4
115 0 3
114 0 2
113 0 1
112 0 0
101 1 0
101 1 0
100 0 0
104 2 0
108 5 0
109 4 0
109 2 0
110 0 0
111 0 0
116 0 0
127 6 0
136 13 6
139 12 6
130 1 0
118 0 0
114 0 0
91 0 0
89 0 0
80 0 0
74 0 0
72 4 1
67 12 9
52 9 3
32 1 0
23 0 0
16 3 0
11 4 0
6 2 0
2 2 0
1 3 2
3 5 4
5 6 8
4 4 4
3 3 3
3 3 3
3 3 3
2 2 2
2 2 2
2 2 2
2 2 2
1 1 1
1 1 1
2 2 2
2 2 2
3 3 3
3 3 3
3 3 3
4 4 4
3 3 3
4 4 4
9 8 4
9 8 4
9 8 4
9 8 4
9 8 4
9 8 4
9 8 4
9 8 4
10 9 5
10 9 5
9 8 4
9 8 4
8 7 3
7 6 2
7 6 2
7 6 2
30 7 15
35 0 4
80 25 22
126 44 33
136 24 10
144 9 0
162 9 0
166 4 0
164 1 0
167 12 7
161 15 15
148 12 12
142 17 15
138 20 16
121 8 0
98 0 0
88 5 0
87 4 0
87 2 0
85 0 0
85 0 2
83 0 5
81 0 6
81 0 6
74 0 0
88 2 1
94 0 0
106 0 0
135 8 1
154 12 2
162 5 0
170 6 0
175 16 0
180 19 1
185 19 5
188 17 9
193 19 12
198 21 15
195 18 8
186 15 0
179 13 0
193 35 8
169 18 0
147 3 0
158 18 1
148 11 1
123 0 0
128 0 0
118 0 0
119 0 0
117 0 0
116 0 0
116 0 0
119 0 0
120 2 0
120 2 0
119 1 0
119 1 1
120 2 2
120 2 2
117 1 2
116 0 1
114 0 0
114 0 0
106 2 0
105 1 0
104 0 0
106 2 0
107 4 0
107 4 0
105 2 0
104 0 0
107 0 0
111 0 0
119 2 0
129 7 2
134 9 3
131 4 0
124 0 0
117 0 0
93 0 0
94 0 0
88 0 0
79 0 0
77 2 0
82 14 11
72 14 12
53 8 5
39 4 2
27 2 0
16 0 0
8 0 0
6 2 1
5 5 5
3 7 6
2 6 7
3 3 3
3 3 3
2 2 2
2 2 2
2 2 2
2 2 2
2 2 2
2 2 2
1 1 1
1 1 1
2 2 2
3 3 3
3 3 3
4 4 4
4 4 4
5 5 5
3 3 3
4 4 4
9 8 4
9 8 4
9 8 4
9 8 4
9 8 4
9 8 4
9 8 4
9 8 4
10 9 5
10 9 5
10 9 5
9 8 4
9 8 4
8 7 3
8 7 3
7 6 2
30 0 2
32 0 0
83 18 12
138 46 35
150 33 16
155 14 0
165 9 0
161 0 0
156 0 0
159 9 10
151 12 15
136 7 11
132 12 11
136 23 17
121 13 1
99 0 0
88 6 0
87 4 0
86 1 0
85 0 0
83 0 1
81 0 5
80 0 5
79 0 5
76 0 0
89 3 2
95 0 0
112 1 0
142 14 5
160 16 5
166 5 0
168 2 0
176 20 0
180 21 2
182 18 6
186 18 9
194 23 15
196 25 15
186 19 3
172 10 0
178 23 0
199 52 19
173 33 0
144 9 0
161 26 7
166 32 23
148 12 12
146 10 14
128 3 0
126 1 0
124 0 0
122 0 0
122 0 0
121 0 0
121 0 0
123 1 0
124 2 0
122 2 1
122 2 1
122 2 1
120 2 2
118 0 0
117 0 0
116 0 0
111 2 0
109 0 0
108 0 0
107 2 0
107 4 0
107 4 0
105 2 0
102 0 0
106 0 0
107 0 0
113 0 0
119 0 0
129 4 2
134 4 2
133 1 0
128 0 0
96 0 0
103 6 0
100 5 1
90 0 0
86 0 0
90 12 10
87 17 17
74 14 14
57 7 8
39 0 1
22 0 0
13 0 0
12 3 4
9 9 9
3 7 6
0 3 3
1 1 1
1 1 1
2 2 2
2 2 2
2 2 2
2 2 2
2 2 2
2 2 2
1 1 1
1 1 1
2 2 2
3 3 3
4 4 4
5 5 5
5 5 5
6 6 6
5 5 5
6 6 6
9 8 4
9 8 4
9 8 4
9 8 4
9 8 4
9 8 4
9 8 4
9 8 4
10 9 5
10 9 5
10 9 5
9 8 4
9 8 4
9 8 4
9 8 4
9 8 4
30 0 0
35 0 0
65 0 0
126 28 15
165 42 26
178 35 18
175 19 6
163 4 0
162 8 8
155 10 15
138 4 11
117 0 1
116 4 3
125 18 10
123 20 5
111 8 0
84 4 0
86 3 0
84 1 0
83 0 0
82 0 0
80 0 4
78 0 5
78 0 4
78 0 2
89 5 3
96 1 0
116 5 0
150 22 11
170 24 11
169 9 0
167 0 0
174 19 0
178 21 4
182 20 7
184 20 10
187 20 11
186 20 8
173 12 0
155 3 0
197 52 21
204 67 31
175 45 9
146 17 0
154 25 4
163 30 21
152 16 16
148 9 16
139 10 4
134 5 0
130 1 0
130 1 0
127 0 0
123 0 0
121 0 0
124 0 0
126 3 0
125 3 0
125 3 0
123 4 0
122 2 1
120 0 0
117 0 0
116 0 0
116 0 0
113 0 0
112 0 0
112 0 0
110 2 0
108 3 0
105 2 0
103 0 0
104 0 0
108 0 0
111 0 0
114 0 0
123 0 0
134 4 4
140 6 7
139 3 5
97 0 0
100 3 0
100 3 0
93 0 0
87 0 0
88 0 0
85 5 6
79 7 10
68 8 10
50 1 4
30 0 0
20 0 0
15 3 5
10 8 9
1 5 4
0 3 2
0 0 0
1 1 1
1 1 1
1 1 1
2 2 2
2 2 2
2 2 2
2 2 2
1 1 1
1 1 1
2 2 2
3 3 3
4 4 4
6 6 6
6 6 6
7 7 7
10 10 10
10 10 10
9 8 4
9 8 4
9 8 4
9 8 4
9 8 4
9 8 4
9 8 4
9 8 4
9 8 4
9 8 4
9 8 4
10 9 5
10 9 5
10 9 5
10 9 5
10 9 5
43 0 0
53 0 0
77 0 0
121 19 4
168 41 24
182 37 20
175 19 7
171 14 9
164 14 16
149 9 18
126 0 10
107 0 0
106 0 0
113 10 1
116 15 0
111 11 0
83 4 0
82 2 0
83 0 0
81 0 0
79 0 0
77 0 2
77 0 4
75 0 3
78 0 2
86 2 0
92 0 0
115 4 0
154 26 13
176 28 16
170 8 0
164 0 0
161 6 0
172 15 0
182 22 8
183 21 10
179 15 5
173 13 0
164 9 0
152 7 0
207 70 36
184 56 17
158 34 0
146 23 0
146 20 0
147 16 6
149 13 15
153 14 21
154 21 16
147 14 9
142 9 4
141 9 4
137 5 0
128 0 0
125 0 0
129 2 0
128 3 0
127 4 0
126 4 0
125 3 0
122 3 0
120 1 0
118 0 0
116 0 0
119 0 0
117 0 0
115 0 0
113 0 0
113 1 0
110 2 0
106 1 0
104 0 0
105 0 0
111 1 0
116 0 1
115 0 0
121 0 0
135 2 5
143 7 11
145 6 11
102 5 0
96 0 0
93 0 0
94 0 0
91 0 0
86 0 0
81 0 0
77 0 2
74 3 9
59 2 8
43 1 5
29 0 4
15 1 1
4 2 3
0 3 3
0 3 2
0 0 0
0 0 0
0 0 0
1 1 1
1 1 1
2 2 2
2 2 2
2 2 2
1 1 1
1 1 1
2 2 2
3 3 3
5 5 5
6 6 6
7 7 7
8 8 8
16 16 16
17 17 17
9 8 4
9 8 4
9 8 4
9 8 4
9 8 4
9 8 4
9 8 4
9 8 4
8 7 3
8 7 3
9 8 4
10 9 5
10 9 5
11 10 6
11 10 6
11 10 6
62 14 10
89 30 22
108 28 17
131 25 9
161 32 13
166 19 3
163 7 0
176 21 17
159 10 14
141 4 14
120 0 7
107 0 1
102 0 0
105 4 0
105 6 0
101 3 0
82 3 0
81 1 0
82 0 0
80 0 0
78 0 0
76 0 1
76 0 3
74 0 2
75 0 0
81 0 0
86 0 0
110 0 0
155 25 12
175 27 13
167 5 0
158 0 0
143 0 0
163 8 0
182 22 8
182 20 9
174 12 1
166 9 0
162 11 0
157 16 0
196 63 28
151 28 0
133 14 0
144 25 0
148 23 1
147 16 6
163 27 29
181 42 49
165 30 24
157 22 16
152 17 11
150 17 12
144 12 7
135 3 0
131 2 0
134 7 1
129 4 0
129 4 0
128 5 0
126 4 0
124 2 0
120 1 0
119 0 0
117 0 0
122 0 0
119 0 0
117 0 0
115 0 0
114 0 0
112 3 0
109 1 0
105 0 0
105 0 0
116 4 3
120 4 5
119 0 0
122 0 0
133 0 5
142 5 12
145 6 11
115 18 9
101 4 0
96 0 0
101 2 0
103 3 3
92 0 0
83 0 0
80 0 2
74 0 6
65 4 11
54 7 13
35 4 9
14 0 0
3 0 0
0 2 2
0 5 4
0 0 0
0 0 0
0 0 0
0 0 0
1 1 1
2 2 2
2 2 2
2 2 2
1 1 1
1 1 1
2 2 2
4 4 4
5 5 5
6 6 6
8 8 8
8 8 8
21 21 21
22 22 22
8 12 21
7 12 16
6 10 9
7 10 3
8 10 0
11 9 0
12 8 0
14 7 1
12 2 1
21 8 15
17 4 13
12 0 8
18 5 12
17 7 6
13 4 0
19 10 3
149 10 17
149 8 14
150 7 11
150 6 6
152 7 4
156 8 4
161 14 7
163 19 11
160 17 9
153 16 10
139 7 3
120 0 0
114 0 0
112 1 7
107 0 8
98 0 2
82 1 0
77 0 0
72 0 0
68 0 0
65 3 4
64 5 7
62 6 9
61 5 8
64 2 5
67 0 0
76 0 0
93 0 0
115 7 4
132 14 10
141 14 8
143 12 4
132 10 0
133 10 0
145 21 0
150 25 0
144 18 0
145 18 0
143 21 0
133 15 0
180 68 28
189 88 34
127 33 0
153 69 0
134 59 0
180 112 27
133 69 0
147 85 0
140 68 0
128 54 0
149 71 0
169 87 14
170 81 11
117 22 0
127 25 0
117 10 0
148 35 0
105 0 0
134 13 0
128 5 0
104 0 0
121 0 14
127 0 27
115 0 20
119 0 0
119 0 0
118 0 0
116 1 0
111 2 0
107 2 0
105 2 0
103 1 0
106 3 0
115 8 2
125 10 5
128 6 1
128 0 0
133 0 0
144 1 0
153 8 5
130 0 4
126 2 4
117 5 3
103 6 0
89 4 0
81 2 0
76 1 0
78 0 0
78 0 0
79 0 2
77 1 5
67 3 4
48 0 0
24 0 0
13 0 0
12 4 0
5 0 4
4 2 5
0 4 5
0 8 4
0 8 1
0 8 0
0 6 0
0 5 0
3 8 1
6 5 0
6 3 0
6 2 0
7 6 2
7 12 6
8 17 12
10 21 15
29 29 29
30 30 30
6 10 19
5 10 14
5 9 8
6 9 2
8 8 0
10 8 0
12 8 0
14 7 1
13 3 2
20 9 15
15 4 12
11 0 8
18 7 11
17 7 6
12 3 0
17 8 1
141 0 6
149 6 12
155 10 13
155 9 10
151 3 1
150 1 0
152 3 0
155 8 0
170 27 19
162 23 16
143 11 7
120 0 0
108 0 0
105 0 0
102 0 0
96 0 0
81 0 0
78 0 0
74 0 0
70 0 0
68 4 4
64 5 7
60 4 7
58 2 5
63 1 4
69 0 1
78 0 0
88 0 0
103 0 0
120 5 2
136 13 8
145 18 12
145 27 0
162 43 1
178 55 21
169 45 19
156 31 9
157 35 14
146 26 2
113 0 0
153 44 3
153 54 0
138 46 0
160 78 4
191 118 39
178 112 28
146 84 1
156 98 14
119 45 0
123 47 0
150 72 8
173 89 25
177 89 25
138 44 0
156 57 0
157 51 0
185 74 29
121 7 0
124 5 0
133 10 2
129 4 8
131 5 17
119 0 13
115 0 12
125 0 0
123 0 0
120 0 0
119 0 0
118 5 1
115 6 3
110 5 1
108 3 0
108 3 0
113 4 0
120 5 2
126 3 0
132 0 0
137 0 0
141 0 0
145 0 0
130 1 5
123 0 2
110 0 0
98 1 0
86 1 0
81 2 0
79 2 0
79 1 0
80 0 1
80 0 3
78 2 6
71 5 7
52 2 1
29 0 0
14 0 0
8 0 0
8 2 6
5 3 6
2 4 3
0 5 2
0 7 0
0 7 0
0 9 0
0 7 0
1 6 0
5 4 0
7 3 0
9 5 2
10 9 5
11 16 10
12 21 16
14 25 19
30 30 30
30 30 30
3 8 14
4 7 12
5 7 6
6 7 1
7 7 0
10 8 0
12 8 0
13 8 2
12 7 4
17 11 15
13 3 11
11 2 7
19 8 12
18 7 5
12 1 0
19 6 0
139 0 0
150 5 8
161 15 16
162 14 12
154 5 1
148 0 0
148 0 0
149 1 0
157 13 4
160 19 10
157 22 18
146 18 15
133 10 12
119 3 6
107 0 0
95 0 0
85 0 0
81 0 0
77 0 0
72 1 0
69 3 4
64 4 6
60 1 5
56 0 3
60 0 2
68 2 4
77 1 3
83 0 0
88 0 0
103 0 0
124 9 6
141 22 18
174 58 17
207 91 54
220 103 70
185 65 40
151 30 9
157 38 16
158 43 16
130 20 0
163 61 13
168 73 15
158 71 4
151 73 0
198 129 51
169 106 27
146 87 9
158 101 22
101 24 0
118 42 0
140 60 11
153 72 19
158 73 19
141 51 0
173 78 24
186 86 36
163 58 13
133 23 0
126 10 0
125 5 0
121 0 0
127 1 5
121 0 3
135 4 20
134 0 0
129 0 0
126 0 0
122 0 0
122 2 1
120 4 4
117 5 3
112 3 0
112 3 0
114 0 0
117 0 0
123 0 0
131 1 0
137 1 1
140 0 0
138 0 0
128 2 5
118 0 0
104 0 0
93 0 0
87 0 0
82 3 0
81 4 0
80 0 0
76 0 0
75 0 0
76 0 2
74 5 8
63 9 9
43 3 1
24 0 0
17 0 0
11 2 7
7 3 4
2 4 3
0 5 2
0 7 0
0 8 1
0 10 1
0 10 2
0 4 0
4 3 0
9 5 2
13 9 6
16 15 11
17 22 18
19 28 23
20 31 25
30 30 30
30 30 30
2 7 13
2 6 9
4 6 5
6 5 0
9 7 0
10 8 0
12 8 0
12 9 2
13 9 6
15 11 12
9 4 8
10 4 8
20 10 11
17 6 4
15 0 0
25 8 0
148 0 1
156 8 8
165 15 14
168 16 13
163 10 4
156 3 0
153 1 0
152 1 0
141 0 0
148 6 0
156 19 11
156 24 20
147 22 20
134 14 16
122 6 9
114 1 5
94 5 1
88 3 0
81 0 0
75 0 0
70 2 3
65 3 6
62 3 7
60 1 5
59 0 3
66 1 5
72 0 3
75 0 0
78 0 0
90 0 0
110 5 2
125 17 15
161 51 18
207 96 66
233 122 95
195 83 59
143 31 9
140 28 4
156 47 16
149 46 5
166 70 19
199 111 48
168 88 19
142 70 0
162 99 22
160 102 28
124 70 0
125 72 2
104 25 0
123 44 13
122 42 7
122 43 2
128 45 1
127 43 0
163 75 27
184 92 43
169 71 26
186 80 41
155 44 14
125 6 0
113 0 0
136 7 2
128 0 0
134 0 3
142 0 0
141 0 0
137 0 0
131 0 0
125 0 0
120 0 0
116 0 0
116 2 2
117 3 3
115 1 1
116 0 0
121 0 0
126 0 0
133 0 0
136 0 0
137 0 0
121 1 2
112 0 0
99 0 0
92 0 0
90 2 0
87 6 2
84 3 0
80 0 0
82 0 0
79 0 0
78 0 3
80 8 12
73 13 15
52 7 4
31 0 0
20 0 0
9 0 2
6 0 2
2 2 2
0 5 1
0 7 1
0 9 2
0 10 1
0 9 1
0 3 0
4 5 0
12 8 5
18 14 11
22 21 17
23 28 24
24 33 28
25 36 30
29 29 29
29 29 29
2 7 11
2 6 9
5 5 3
6 6 0
10 6 0
11 7 0
11 9 0
10 10 2
10 11 6
11 13 12
6 6 8
9 5 6
20 10 9
19 4 0
21 2 0
38 16 5
159 7 6
161 7 5
162 9 4
165 10 5
169 12 5
167 10 1
164 8 0
159 5 0
150 0 0
145 1 0
144 3 0
138 5 0
132 4 1
130 6 6
133 13 14
139 20 22
103 9 7
95 6 2
85 0 0
76 0 0
71 0 0
69 3 5
66 5 10
65 6 10
58 0 5
61 0 4
65 0 3
70 0 0
75 0 0
83 0 0
94 0 1
101 5 6
116 12 0
154 49 27
195 90 69
190 85 64
152 46 24
133 29 2
137 37 1
136 41 0
132 43 0
170 89 23
166 94 20
148 82 8
162 104 31
142 89 21
101 51 0
90 42 0
109 31 11
128 50 28
108 31 3
108 32 0
116 38 0
123 44 1
148 67 20
171 85 36
168 77 30
187 88 46
138 30 0
118 3 0
124 0 0
156 24 9
140 3 0
136 0 0
157 5 4
157 7 8
153 7 8
141 1 2
127 0 0
117 0 0
116 0 0
119 3 4
117 2 5
116 1 4
115 0 0
116 0 0
117 0 0
123 0 0
131 0 1
137 2 6
114 0 0
108 0 0
100 0 0
96 1 0
97 8 4
94 9 6
87 3 1
81 0 0
94 8 11
89 2 8
85 3 9
85 10 15
77 13 14
57 3 3
33 0 0
27 0 0
10 0 0
7 0 0
6 2 1
1 6 2
0 9 3
0 9 2
0 8 1
0 5 0
1 6 2
8 8 6
17 13 12
24 20 19
27 27 25
27 32 28
25 34 29
25 36 30
25 25 25
24 24 24
3 8 12
6 7 9
6 6 4
9 6 0
10 6 0
11 7 0
11 9 0
9 10 2
6 11 5
7 13 11
4 8 9
9 8 6
18 8 6
21 2 0
33 6 0
57 27 17
166 11 7
162 7 3
160 3 0
162 5 0
168 10 1
171 13 2
168 12 0
163 10 0
161 9 0
155 9 0
150 9 0
148 11 3
140 8 3
129 4 0
128 4 2
130 8 7
104 9 5
98 4 2
88 0 0
79 0 0
74 0 0
71 2 5
67 5 8
65 6 12
59 0 6
58 0 5
59 0 2
63 0 1
69 0 1
76 0 2
79 0 1
81 0 0
102 6 0
107 10 0
131 34 17
149 52 35
143 44 21
133 38 8
136 44 3
137 50 0
135 55 0
134 62 0
164 98 22
150 92 18
178 125 57
109 61 0
96 51 0
90 47 0
104 27 7
125 49 26
98 24 0
107 34 1
117 45 5
123 52 6
133 59 10
157 80 28
156 73 21
174 82 33
133 30 0
150 36 0
140 17 0
148 16 0
142 2 0
164 21 5
172 16 17
171 19 18
164 16 16
149 7 6
131 0 0
121 0 0
117 0 0
120 4 5
114 1 3
113 0 4
112 0 3
110 0 0
109 0 0
114 0 0
121 0 1
128 3 7
107 0 0
103 0 0
101 0 0
99 4 0
98 9 5
95 7 5
87 1 0
84 0 0
89 0 4
85 0 2
83 0 5
86 7 12
83 12 16
68 8 10
50 0 0
42 0 0
15 0 0
13 0 0
10 2 0
5 6 1
1 7 3
0 9 3
0 9 2
0 6 1
6 11 7
13 13 11
21 20 18
29 25 24
30 30 28
29 31 28
25 31 27
21 30 25
19 19 19
18 18 18
6 11 14
8 10 9
9 8 4
11 6 0
13 6 0
13 7 0
11 9 0
7 10 1
1 11 3
4 15 11
5 11 9
9 9 7
18 7 3
23 0 0
44 10 1
78 38 28
169 12 5
167 8 2
164 6 0
164 6 0
166 8 0
168 10 0
169 13 0
167 14 0
165 13 0
161 15 2
163 21 9
166 29 19
158 25 18
137 10 4
119 0 0
112 0 0
100 0 0
96 0 0
88 0 0
83 0 0
78 0 2
73 1 4
67 1 5
62 1 6
61 2 8
57 0 6
58 0 5
59 0 5
62 0 3
66 0 2
67 0 0
68 0 0
103 15 5
89 0 0
93 3 0
110 18 3
115 24 3
125 36 4
143 59 15
152 73 17
161 88 20
137 71 0
160 101 25
154 102 27
154 106 40
91 49 0
94 54 5
96 58 13
110 39 9
130 59 27
93 25 0
105 40 0
112 48 0
117 54 0
122 57 0
156 86 26
163 87 29
197 110 56
172 74 25
200 89 46
157 34 0
148 14 0
146 6 0
173 28 7
181 27 25
171 21 20
158 12 12
145 5 4
132 0 0
122 0 0
117 0 0
112 0 1
107 0 1
103 0 1
100 0 0
102 0 0
103 0 1
107 0 1
107 0 0
106 0 0
100 0 0
99 0 0
99 1 0
97 3 1
94 3 0
91 1 0
89 0 0
87 0 0
82 0 0
78 0 0
79 0 0
84 3 9
86 11 16
79 10 13
70 8 9
68 8 10
27 2 5
21 3 3
14 3 1
7 3 0
1 6 0
0 9 3
0 11 5
3 12 9
12 16 15
19 19 19
27 25 26
31 29 30
32 32 30
28 30 27
20 26 22
15 25 17
13 13 13
11 11 11
8 14 14
10 12 11
12 8 5
14 7 0
16 6 0
15 7 0
11 9 0
5 11 1
0 10 2
3 15 11
3 14 8
9 10 5
19 4 0
26 0 0
56 9 1
96 42 32
171 13 4
171 13 4
171 13 4
169 11 0
166 8 0
165 9 0
167 14 0
169 17 3
168 20 6
159 16 2
156 15 5
158 21 11
151 20 12
134 7 0
119 0 0
113 0 0
95 0 0
92 0 0
90 0 0
87 0 0
83 1 3
75 0 4
66 0 0
57 0 0
61 2 8
59 2 8
58 1 8
55 0 5
54 0 1
55 0 1
58 0 2
63 1 6
79 0 0
78 0 0
91 6 0
98 15 1
95 13 0
109 29 0
136 59 13
149 77 18
152 85 15
146 87 11
151 98 20
164 117 45
114 73 9
101 64 11
84 50 5
79 45 7
130 66 18
144 82 33
97 36 0
105 46 0
105 50 0
111 54 0
119 60 0
164 101 32
115 44 0
161 80 17
146 51 0
184 76 29
161 39 0
180 47 16
175 35 8
169 25 1
178 33 28
164 21 17
146 7 4
134 0 0
127 2 0
121 3 3
111 0 0
99 0 0
97 0 0
90 0 0
88 0 0
92 0 0
100 4 6
101 5 6
93 0 0
87 0 0
95 0 0
96 1 0
95 1 0
93 0 0
91 0 0
90 0 0
89 0 0
90 0 1
90 0 4
85 0 0
84 0 3
86 4 10
85 6 11
78 3 8
73 2 6
72 3 6
38 10 9
30 6 6
18 3 0
6 1 0
1 3 0
0 8 3
4 15 11
9 18 17
16 20 21
23 23 25
30 28 31
34 32 33
32 32 30
26 28 25
17 23 19
10 20 12
9 9 9
7 7 7
5 11 9
8 10 7
12 9 4
16 7 0
19 6 0
17 7 0
12 10 0
6 12 2
2 15 6
0 10 2
0 9 3
10 9 4
20 0 0
33 0 0
69 10 2
108 38 30
172 15 6
169 12 3
168 11 2
168 12 0
163 9 0
162 8 0
165 15 1
171 23 9
164 21 7
154 14 1
150 14 2
153 20 11
143 15 6
121 0 0
111 0 0
113 0 0
98 0 0
96 0 0
93 0 0
91 1 1
88 4 4
80 4 6
72 1 5
64 0 3
62 1 6
58 1 7
57 2 8
56 1 7
55 0 6
54 0 5
54 0 5
54 0 5
76 0 0
70 0 0
92 13 8
79 1 0
81 5 0
107 32 0
115 42 0
147 78 19
168 105 36
137 81 6
154 105 28
113 71 0
100 62 0
65 32 0
99 67 26
72 42 6
115 61 0
167 115 42
109 57 0
109 60 0
126 77 0
103 52 0
115 60 0
109 50 0
133 65 0
140 61 0
154 61 2
194 88 38
186 68 28
198 69 37
185 50 21
182 42 17
154 19 13
143 10 3
130 1 0
121 0 0
114 0 0
105 0 0
101 0 0
98 3 1
92 1 0
91 3 2
89 3 2
88 4 2
88 4 2
87 3 1
87 1 0
86 0 0
92 3 0
88 0 0
86 0 0
90 0 0
95 0 0
99 3 5
99 3 5
96 1 5
89 0 3
88 0 3
84 0 4
80 0 2
75 0 1
74 0 0
72 0 0
73 0 1
50 16 15
37 9 8
21 2 0
10 0 0
6 7 2
9 15 11
12 21 18
14 23 22
22 27 30
25 26 30
29 27 30
29 27 30
26 26 26
19 21 18
6 12 8
0 7 0
1 1 1
1 1 1
3 12 7
6 11 5
12 9 2
17 6 0
20 6 0
19 6 0
13 9 0
6 12 2
0 15 5
0 11 3
0 11 3
16 11 5
29 2 0
45 0 0
77 2 0
110 23 16
167 13 3
165 13 2
167 15 4
170 18 7
167 16 5
162 14 2
161 17 6
167 25 13
166 28 17
156 22 11
153 22 12
154 26 17
144 20 12
125 4 0
113 0 0
115 0 0
96 0 0
95 0 0
92 0 0
91 1 1
88 4 4
83 3 4
75 0 4
68 0 2
63 1 4
61 2 6
58 1 7
56 1 6
53 0 6
53 0 6
51 0 5
51 0 5
90 16 13
73 0 0
79 6 0
88 14 3
95 22 3
101 30 0
104 36 0
124 59 3
114 55 0
142 90 15
162 116 41
108 68 0
83 47 0
82 50 1
75 46 6
111 82 48
117 74 0
164 121 29
140 97 5
139 96 4
138 93 0
107 60 0
115 64 0
124 66 0
143 76 0
161 82 13
169 79 19
174 73 21
177 64 22
204 81 47
189 60 29
151 17 0
129 5 0
121 0 0
113 0 0
110 0 0
105 0 0
97 0 0
91 0 0
89 0 0
85 1 0
83 2 1
82 4 2
82 4 2
80 5 2
79 4 0
78 3 0
77 2 0
85 2 0
84 0 0
86 0 0
92 0 0
98 2 4
102 3 6
101 2 5
95 0 4
84 0 0
81 0 0
78 0 0
77 0 0
77 0 0
78 0 3
82 0 6
84 2 8
53 15 14
42 8 6
25 1 0
15 1 0
12 8 5
13 18 14
16 25 24
19 27 29
25 30 33
27 28 32
26 25 30
25 23 26
21 21 21
13 15 12
2 9 2
0 4 0
1 1 1
1 1 1
2 13 7
6 11 5
12 9 2
17 7 0
22 5 0
19 6 0
13 9 0
6 12 2
0 15 5
0 13 5
3 13 5
19 10 3
35 0 0
56 0 0
87 0 0
116 11 7
170 22 12
168 20 10
167 20 10
165 21 12
158 16 6
148 7 0
142 4 0
140 6 0
146 15 5
139 11 2
138 14 6
143 22 13
139 20 12
128 11 4
121 6 0
123 10 2
94 0 0
93 0 0
90 0 0
90 0 0
88 2 3
83 3 4
76 0 2
70 0 1
66 0 2
63 1 4
60 1 5
58 2 5
54 2 6
52 2 5
51 1 4
51 1 4
86 17 12
91 22 15
78 8 0
72 0 0
71 0 0
82 13 0
113 46 4
122 59 6
138 80 16
115 62 0
168 121 49
142 103 34
32 0 0
99 67 16
109 80 38
98 70 33
140 107 4
152 117 15
151 116 14
141 102 1
134 92 0
113 64 0
119 66 0
144 82 0
211 140 62
182 102 33
169 79 17
163 63 11
172 63 20
168 52 15
157 36 5
128 4 0
112 0 0
107 0 0
104 0 0
105 0 0
105 3 0
96 1 0
90 0 0
86 2 0
80 0 0
79 1 0
77 3 0
77 3 0
74 3 0
74 3 0
72 1 0
72 2 0
77 0 0
78 0 0
85 0 0
94 0 1
103 4 7
105 4 8
100 1 6
92 0 1
85 0 0
78 0 0
75 0 0
72 0 0
75 0 0
79 0 2
85 0 5
88 1 7
57 13 12
46 8 5
30 2 0
19 4 0
18 13 10
21 23 22
22 31 30
25 33 35
29 34 38
27 28 33
22 21 27
18 16 21
12 12 12
6 8 5
0 4 0
0 3 0
1 1 1
1 1 1
1 14 5
5 12 4
12 9 0
19 6 0
22 5 0
20 6 0
15 8 0
6 11 4
0 14 4
0 15 7
7 14 6
19 6 0
38 0 0
67 0 0
105 0 0
135 13 10
163 20 12
159 16 8
156 15 6
153 15 5
144 7 0
130 0 0
122 0 0
119 0 0
121 0 0
116 0 0
118 1 0
122 9 1
122 11 4
116 7 0
114 5 0
117 10 4
92 1 0
91 0 0
89 0 0
89 1 0
87 1 0
84 3 2
79 1 1
73 0 0
70 0 0
66 0 1
63 1 2
60 1 3
57 1 2
53 1 3
53 1 3
52 2 3
82 15 6
114 46 37
88 20 9
76 6 0
96 28 9
132 62 36
145 80 42
91 29 0
125 66 8
130 79 13
143 98 30
118 79 12
35 1 0
79 47 0
87 58 14
104 76 36
152 128 20
135 108 1
155 123 20
140 105 3
145 103 5
133 84 0
125 68 0
143 76 0
188 114 39
146 63 0
137 47 0
134 37 0
151 48 3
131 23 0
125 15 0
102 0 0
109 2 0
103 0 0
102 0 0
103 4 0
101 6 2
94 3 2
90 2 1
87 3 3
80 0 0
79 1 0
78 3 0
77 3 0
76 3 0
75 2 0
74 1 0
74 1 0
71 0 0
75 0 0
83 0 0
96 2 3
106 5 9
107 4 8
99 0 4
90 0 0
91 5 6
82 4 4
75 1 0
72 0 0
73 0 0
77 0 0
81 0 1
84 0 1
61 13 11
50 9 5
36 5 2
27 8 4
25 17 14
26 28 27
29 34 37
29 37 40
26 31 37
23 23 31
15 14 20
8 7 12
4 4 6
1 3 0
0 2 0
0 3 0
1 1 1
1 1 1
0 15 4
5 13 2
12 9 0
19 6 0
23 4 0
22 5 0
16 7 0
6 11 4
0 13 3
0 17 7
8 13 6
18 0 0
40 0 0
82 0 0
128 8 7
159 21 21
143 6 0
137 3 0
136 1 0
136 5 0
132 3 0
123 0 0
118 0 0
117 0 0
116 1 0
111 0 0
109 0 0
110 2 0
106 1 0
100 0 0
97 0 0
98 0 0
90 2 0
89 1 0
87 0 0
86 0 0
87 1 0
85 1 0
80 0 0
77 0 0
73 0 0
70 0 0
66 1 0
63 2 1
60 2 1
57 1 0
55 1 1
53 2 1
69 3 0
122 56 42
110 42 29
83 14 0
78 9 0
107 36 14
139 73 39
108 45 2
105 45 0
137 83 21
154 106 40
141 100 34
62 26 0
50 19 0
113 85 37
129 102 57
121 102 0
117 95 0
169 141 44
154 119 25
166 123 31
152 98 12
127 64 0
131 59 0
150 71 2
154 69 5
172 81 24
163 69 17
191 95 45
202 105 60
203 106 63
159 62 20
112 10 6
105 3 0
99 0 0
97 2 0
95 1 1
88 0 0
86 0 0
84 0 0
82 1 0
82 2 1
82 2 1
81 3 0
81 4 0
80 3 0
79 2 0
78 1 0
69 0 0
73 0 0
82 0 0
96 2 3
107 4 8
108 3 10
98 0 3
88 0 0
93 9 9
82 6 6
73 3 1
70 0 0
71 0 0
76 0 0
79 0 0
80 0 0
64 13 10
55 10 7
42 9 4
34 13 10
31 21 19
30 30 30
29 34 37
27 35 38
18 23 29
13 16 23
8 7 15
2 1 6
0 0 2
0 2 0
0 4 0
0 5 0
1 1 1
1 1 1
0 16 4
3 13 2
12 9 0
20 6 0
24 4 0
23 4 0
16 7 0
8 11 4
0 12 3
0 16 6
7 10 3
21 0 0
55 0 0
105 7 6
150 17 18
170 20 22
139 7 2
132 3 0
130 1 0
130 5 0
129 6 1
121 2 0
115 0 0
113 1 0
109 1 0
106 1 0
104 2 0
101 1 0
101 1 0
99 1 0
98 0 0
96 1 0
88 4 2
87 1 0
85 0 0
84 0 0
85 1 0
85 1 0
81 0 0
78 0 0
75 0 0
73 0 0
70 0 0
66 1 0
62 1 0
60 0 0
59 1 0
56 0 0
67 2 0
100 35 17
110 43 27
99 30 15
80 11 0
82 11 0
107 38 9
113 48 10
121 60 13
122 67 10
159 111 47
168 127 63
85 49 0
52 20 0
147 117 65
106 78 28
73 57 0
103 86 0
161 135 50
127 92 10
144 98 20
133 75 1
126 58 0
132 54 0
139 53 0
137 46 0
147 56 1
149 58 5
166 74 23
181 91 41
191 103 53
173 87 38
118 18 16
109 9 9
101 3 2
98 2 3
95 1 2
90 0 1
89 0 1
90 1 5
87 1 4
87 1 2
86 2 2
87 3 1
86 3 0
85 2 0
84 1 0
83 0 0
70 3 0
74 1 0
82 0 0
93 0 2
104 0 7
105 0 7
100 0 3
87 0 0
86 5 4
75 4 2
68 3 0
68 3 0
74 4 2
79 3 3
82 0 0
82 0 0
67 14 10
59 11 7
50 12 9
41 17 13
36 25 23
30 30 30
25 30 33
20 27 33
9 13 22
5 8 17
2 1 9
0 0 5
0 0 2
1 3 2
0 5 0
0 7 0
1 1 1
1 1 1
0 16 4
3 13 2
12 10 0
20 6 0
24 4 0
23 4 0
17 6 0
8 11 4
0 12 3
0 14 4
5 6 0
26 1 0
76 12 10
132 26 26
162 22 25
166 5 10
138 11 5
132 7 1
131 8 3
134 12 9
131 13 11
121 7 6
110 0 0
105 0 0
100 0 0
99 0 0
98 0 0
96 1 0
96 2 0
100 6 4
100 9 6
100 9 6
87 6 3
84 3 0
84 0 0
84 0 0
85 2 0
85 2 0
83 0 0
80 0 0
78 0 0
75 0 0
71 0 0
68 1 0
65 0 0
62 1 0
60 1 0
59 1 0
80 16 0
68 3 0
85 18 0
116 47 31
150 78 63
152 81 63
105 35 10
69 3 0
99 38 0
141 86 32
131 81 20
108 64 1
99 61 0
61 29 0
81 52 0
82 52 0
50 39 0
106 90 13
142 118 44
88 51 0
124 75 8
127 66 3
142 68 7
143 61 3
156 67 11
134 40 0
124 30 0
139 48 0
130 43 0
131 49 0
136 57 1
147 68 12
114 16 17
107 9 10
101 2 5
99 3 5
99 3 7
95 0 6
93 1 6
96 4 9
89 0 3
90 0 2
90 0 0
91 1 0
90 1 0
89 0 0
89 0 0
88 0 0
75 8 2
76 2 0
81 0 0
90 0 0
100 0 3
104 0 5
99 0 2
88 0 0
81 1 0
71 2 0
65 2 0
68 5 0
76 8 5
82 6 6
85 0 3
83 0 0
69 14 9
63 14 9
54 17 11
46 21 17
38 27 25
30 28 29
18 23 26
11 18 24
3 7 16
1 4 13
0 0 7
0 0 5
0 0 2
1 3 2
0 5 0
0 5 0
1 1 1
1 1 1
0 17 2
2 14 2
12 10 0
20 6 0
24 4 0
24 4 0
17 6 0
8 11 4
0 12 3
0 10 1
2 3 0
34 6 2
95 27 24
152 42 43
168 23 26
155 0 0
126 1 0
123 0 0
127 5 0
135 16 12
136 21 18
128 16 14
117 9 7
110 6 5
101 1 1
101 3 2
96 2 2
92 0 0
89 0 0
90 0 0
91 2 0
90 1 0
86 6 5
84 3 0
82 1 0
81 0 0
84 1 0
85 2 0
84 1 0
80 0 0
78 0 0
77 0 0
73 0 0
70 1 0
66 1 0
64 1 0
61 0 0
60 1 0
64 0 0
62 0 0
83 16 0
75 6 0
95 23 9
130 59 41
117 46 24
116 50 18
102 39 0
123 66 13
148 98 39
112 68 5
54 16 0
63 29 0
90 59 2
83 54 0
48 38 0
121 104 35
143 118 52
88 50 0
148 98 37
158 93 35
165 90 35
145 60 6
139 48 0
152 58 6
148 54 2
154 64 11
135 50 0
157 76 20
139 63 5
118 43 0
102 4 5
96 0 0
93 0 0
94 0 2
95 0 3
93 0 3
92 0 3
95 0 6
92 0 3
92 0 1
93 0 0
93 0 0
93 0 0
92 0 0
90 0 0
91 0 0
76 11 5
76 5 1
81 0 0
88 0 0
98 0 0
102 0 3
99 0 2
89 0 0
81 1 0
71 2 0
64 4 0
68 7 2
76 11 7
82 8 7
82 0 2
81 0 0
71 13 9
64 15 10
57 18 13
49 24 20
39 28 26
28 26 27
15 19 22
5 12 18
0 4 13
0 2 11
0 0 7
0 0 5
1 1 3
1 3 2
0 4 0
0 3 0
1 1 1
1 1 1
10 9 4
10 9 4
8 9 4
5 10 6
3 9 5
0 11 7
0 12 5
0 12 5
0 11 1
7 7 0
25 7 0
49 6 0
81 14 8
123 29 27
135 23 22
118 0 0
102 6 0
110 9 0
125 14 7
142 20 19
157 26 31
160 25 32
144 7 15
121 0 0
117 0 0
111 0 0
104 0 0
97 2 0
94 3 0
93 4 0
92 3 0
92 3 0
95 0 3
93 0 2
90 0 2
85 1 1
80 2 0
75 4 0
72 5 0
69 6 0
65 5 0
63 4 0
62 2 0
62 0 0
63 0 0
65 0 0
66 0 0
66 0 0
36 2 0
61 15 0
78 10 0
95 2 0
129 15 4
153 30 15
153 30 12
143 33 6
120 32 0
89 23 0
120 71 13
160 122 59
148 113 49
106 67 2
147 101 39
131 81 20
64 33 0
88 56 9
58 27 0
125 93 32
130 95 27
107 69 0
126 84 2
116 68 0
155 101 15
117 55 0
130 59 0
161 81 10
178 90 27
167 72 16
124 24 0
102 0 0
107 0 0
109 2 0
107 4 0
100 3 0
92 0 0
85 0 0
82 0 0
82 3 0
85 7 3
84 5 1
82 1 0
83 0 0
86 0 0
89 0 0
94 1 0
96 1 0
94 5 9
87 1 4
84 0 1
85 0 3
81 1 2
77 0 0
76 0 0
79 5 4
74 0 0
81 7 6
76 2 1
70 0 0
75 0 0
73 0 0
74 0 0
85 7 7
48 19 23
46 20 23
43 21 23
39 23 23
31 21 20
19 15 12
5 7 2
0 2 0
0 3 0
0 3 0
0 3 1
0 2 1
1 1 1
4 0 1
5 0 1
7 0 3
1 1 1
1 1 1
10 9 4
10 9 4
8 9 4
7 9 6
3 9 5
0 11 7
0 12 7
0 12 5
1 13 3
11 11 1
23 5 0
46 6 0
86 19 13
117 26 25
123 10 12
113 0 0
98 2 0
109 8 0
122 13 8
133 13 12
141 12 16
142 8 15
134 0 9
119 0 0
114 0 0
108 0 1
103 0 1
96 3 0
93 4 0
92 3 0
92 3 0
92 3 0
95 0 3
93 0 2
90 0 2
85 1 1
80 2 0
74 3 0
72 5 0
68 5 0
64 4 0
63 3 0
65 2 0
65 0 0
69 0 0
71 0 0
74 0 0
75 0 0
60 12 0
75 17 0
84 7 0
102 1 0
136 19 9
160 38 23
166 49 29
165 64 34
106 24 0
118 58 6
122 77 18
128 93 29
108 70 7
120 76 13
141 89 29
103 47 0
69 37 0
81 48 0
76 44 0
106 72 9
106 69 0
109 70 0
109 67 0
137 89 4
164 108 23
150 85 5
176 104 28
138 58 0
174 86 23
174 79 25
178 78 28
143 41 0
112 1 0
105 0 0
98 0 0
97 0 0
98 3 0
100 11 7
100 15 12
98 17 14
86 5 2
85 4 1
85 1 0
84 0 0
88 0 0
93 0 0
97 2 0
100 2 0
92 3 7
88 0 3
84 0 1
85 0 3
82 0 2
77 0 0
75 0 0
79 3 3
71 0 0
76 2 1
73 0 0
73 0 0
80 2 2
79 1 1
78 0 0
83 3 4
52 26 29
47 22 25
39 19 20
31 15 15
23 13 12
14 10 7
4 6 1
0 2 0
0 3 0
0 3 0
0 3 1
0 2 1
1 1 1
4 0 1
5 0 1
7 0 3
1 1 1
1 1 1
10 9 4
10 9 4
8 9 4
7 9 6
3 9 5
0 11 7
0 11 7
0 12 5
4 14 5
15 15 5
19 2 0
43 5 0
91 26 20
109 21 19
103 0 0
106 0 0
95 0 0
109 8 0
121 14 8
123 7 7
122 0 2
122 0 0
122 0 3
118 0 2
110 0 1
104 0 1
97 2 0
93 4 0
91 3 0
91 3 0
92 3 0
92 3 0
93 0 2
91 0 2
88 0 1
85 1 1
80 2 0
74 3 0
71 4 0
69 4 0
65 2 0
65 2 0
67 2 0
70 3 0
75 4 0
80 5 2
85 7 5
86 8 6
72 0 0
90 11 0
105 11 1
118 10 0
133 15 5
144 27 10
165 56 33
187 97 62
126 58 13
117 66 11
66 28 0
65 30 0
57 17 0
110 60 0
148 86 29
162 93 38
79 43 0
77 40 0
95 59 0
97 59 0
111 71 0
149 106 28
119 72 0
170 118 34
164 106 24
133 66 0
166 89 17
160 77 11
180 89 32
140 43 0
144 41 0
161 55 13
157 42 37
139 26 22
115 6 3
103 0 0
100 0 0
98 3 1
89 0 0
82 0 0
89 3 2
88 2 1
88 0 0
89 0 0
92 0 0
98 0 0
102 2 0
107 5 3
90 1 5
87 0 2
84 0 1
85 0 3
82 0 2
78 0 0
76 0 0
77 1 1
71 0 0
72 0 0
75 0 0
79 1 1
86 6 7
88 6 8
83 1 3
82 0 0
54 28 31
46 21 24
33 13 14
21 7 6
13 3 2
7 3 0
1 3 0
0 3 0
0 3 0
0 3 0
0 2 1
0 2 1
1 1 1
4 0 1
5 0 1
7 0 3
1 1 1
1 1 1
10 9 4
10 9 4
8 9 4
7 9 6
3 9 5
1 10 7
0 11 7
0 12 5
3 13 4
16 18 7
13 0 0
38 1 0
91 30 25
101 18 14
88 0 0
102 0 0
93 0 0
107 8 2
118 13 9
118 6 5
113 0 0
115 0 0
115 0 2
113 3 6
102 0 0
96 2 0
92 4 0
89 4 0
89 4 0
89 4 0
91 2 0
91 2 0
91 0 2
90 0 2
88 0 1
82 1 0
79 1 0
76 2 0
72 3 0
71 4 0
66 1 0
66 1 0
70 3 0
74 3 0
79 5 2
85 7 5
89 9 8
92 11 10
98 0 0
108 3 0
119 6 0
133 14 6
145 24 13
144 31 13
160 60 34
185 106 67
106 48 0
89 49 0
53 19 0
67 33 0
99 55 0
136 77 21
149 76 25
170 90 41
118 78 19
108 66 6
112 71 7
109 66 0
131 87 12
169 122 42
116 65 0
145 89 6
148 85 5
169 97 21
176 97 28
171 85 24
155 61 9
167 66 20
134 28 0
133 25 0
151 32 28
133 15 13
112 0 0
103 0 0
103 0 0
105 5 5
100 4 5
92 0 1
93 1 2
92 0 1
92 0 0
93 0 0
97 0 0
103 0 1
108 4 3
111 5 5
89 0 2
86 0 0
84 0 0
85 1 1
83 2 1
78 0 0
77 0 0
79 0 0
79 0 0
73 0 0
77 0 0
87 6 5
93 9 9
96 10 11
93 4 6
81 0 0
48 23 26
38 16 18
25 7 7
14 0 0
7 0 0
4 0 0
1 3 0
0 4 0
0 3 0
0 3 0
0 2 1
0 2 1
1 1 1
4 0 1
5 0 1
7 0 3
1 1 1
1 1 1
10 9 4
10 9 4
8 9 4
7 9 6
4 9 5
1 10 7
0 11 7
0 12 5
0 10 2
14 15 7
11 0 0
32 0 0
84 27 20
94 15 11
83 0 0
100 0 0
91 0 0
102 5 0
110 8 4
113 5 3
111 1 2
112 2 3
109 3 3
103 3 3
94 3 0
90 5 0
86 5 1
85 6 1
86 5 1
88 3 0
91 1 0
92 1 0
89 0 1
88 0 1
85 0 0
82 1 0
79 1 0
75 1 0
71 2 0
71 2 0
69 2 0
71 2 0
72 1 0
77 2 0
81 3 1
85 4 3
90 6 6
92 6 7
140 17 19
132 6 7
127 0 0
144 15 10
165 41 31
166 53 35
170 75 47
184 111 70
115 62 12
106 67 8
88 57 0
76 40 0
136 87 28
158 93 39
150 70 21
140 52 6
126 78 14
125 77 11
110 61 0
123 75 1
143 91 15
163 110 30
134 77 0
140 77 0
156 89 11
178 101 29
168 84 20
164 73 18
157 59 12
183 79 40
140 31 0
136 25 0
134 12 9
123 3 2
111 0 0
106 0 0
106 0 0
107 3 4
104 4 6
100 4 6
95 0 1
95 0 1
93 0 0
96 0 0
101 0 0
105 1 2
110 4 4
115 7 7
92 2 4
87 0 0
86 0 0
86 0 1
84 0 0
81 0 0
78 0 0
82 1 0
89 8 7
78 0 0
84 0 0
94 8 9
95 6 8
101 11 13
100 8 11
83 0 0
33 11 13
27 7 8
17 1 1
9 0 0
6 0 0
4 0 0
2 3 0
0 4 0
0 3 0
0 3 0
0 2 1
0 2 1
1 1 1
4 0 1
5 0 1
5 0 3
1 1 1
1 1 1
10 10 2
10 9 4
8 9 4
8 9 4
6 8 5
3 9 7
0 11 7
0 11 5
0 9 1
12 13 5
11 1 0
28 0 0
66 16 9
83 12 8
86 0 0
99 1 0
88 0 0
96 1 0
103 3 1
106 2 1
106 2 1
107 5 3
102 4 1
92 1 0
88 5 0
84 7 0
82 7 1
82 7 1
84 5 1
87 3 1
90 0 2
91 0 2
86 0 1
86 0 1
84 0 0
80 0 0
78 0 0
75 1 0
72 1 0
72 1 0
72 1 0
72 1 0
75 0 0
78 0 0
81 0 0
85 1 1
87 1 2
90 1 3
141 4 11
151 12 17
155 16 19
157 22 19
156 28 19
150 35 17
166 68 41
194 119 80
167 111 62
113 70 15
85 49 0
64 24 0
119 68 11
126 60 8
134 53 6
155 66 22
138 83 16
144 90 20
124 67 0
150 94 19
143 86 7
149 90 10
163 100 21
163 96 18
155 81 8
146 65 0
154 65 7
158 62 12
190 88 48
172 63 32
135 24 0
142 28 4
144 25 21
140 20 19
130 14 14
120 8 7
110 2 2
101 0 0
96 0 0
90 0 0
97 0 1
94 0 0
95 0 0
96 0 0
100 0 0
105 1 2
109 3 3
112 6 6
95 5 7
90 0 2
86 0 0
88 0 1
85 0 0
82 0 0
82 0 0
87 3 3
99 13 14
80 0 0
87 0 0
96 6 8
91 0 2
102 7 11
109 13 17
92 0 0
21 3 3
18 0 0
11 0 0
7 0 0
5 0 0
3 2 0
2 3 0
0 3 0
0 3 0
0 3 0
0 2 1
0 2 1
1 1 1
4 0 1
4 0 1
5 0 3
1 1 1
1 1 1
9 10 2
10 9 4
9 8 3
8 9 4
6 8 5
4 8 7
1 10 7
0 11 7
1 11 3
10 13 6
16 7 0
26 0 0
47 2 0
75 10 4
89 10 6
93 5 3
91 0 0
97 3 1
103 5 4
101 1 1
99 0 0
99 1 0
94 3 0
88 3 0
84 7 0
79 9 0
78 10 1
78 7 1
83 5 1
86 2 2
90 0 2
93 0 4
85 1 1
82 1 0
82 1 0
80 0 0
76 1 0
74 0 0
74 0 0
71 0 0
74 0 0
75 0 0
77 0 0
79 0 0
83 0 0
85 0 0
89 0 2
91 1 3
120 0 0
147 8 13
165 25 28
161 23 21
145 12 5
128 6 0
140 34 10
166 80 45
152 83 41
93 37 0
81 34 0
94 45 0
119 64 10
111 48 0
105 31 0
147 69 23
178 115 44
160 97 26
144 80 8
170 106 32
138 72 0
137 70 0
153 84 7
148 74 1
142 63 0
180 94 33
179 87 36
140 41 0
168 61 29
188 76 52
145 30 11
117 0 0
126 8 4
123 8 5
119 5 4
116 6 5
113 7 7
111 7 8
106 6 8
104 5 8
96 0 2
94 0 0
93 0 0
95 0 0
97 0 0
102 0 0
106 4 2
109 5 4
99 7 10
93 1 4
88 0 0
88 0 0
86 0 0
85 0 0
86 0 1
91 5 6
103 14 16
81 0 0
86 0 0
95 0 4
84 0 0
100 1 6
117 16 22
101 0 6
15 0 0
11 0 0
8 0 0
6 0 0
5 0 0
3 2 0
2 3 0
0 2 0
0 3 0
0 3 0
0 2 1
0 2 1
1 1 1
2 0 1
4 0 1
4 0 3
1 1 1
1 1 1
9 10 2
10 10 2
9 8 3
9 8 4
7 7 5
6 8 7
3 9 7
1 10 7
3 12 7
11 14 7
20 13 5
21 1 0
32 0 0
67 10 3
90 19 15
86 7 3
93 2 1
102 8 8
105 10 8
101 3 2
95 0 0
93 0 0
93 4 0
89 9 0
82 8 0
79 9 0
77 9 0
78 8 0
83 5 1
86 2 2
90 0 4
93 0 4
82 1 0
81 1 0
80 0 0
79 1 0
76 1 0
75 0 0
74 0 0
73 0 0
75 0 0
75 0 0
77 0 0
80 0 0
83 0 0
86 0 1
90 1 3
91 2 4
118 0 0
130 0 4
139 4 8
148 12 12
158 23 19
144 16 5
121 4 0
111 7 0
125 36 2
110 35 0
106 42 0
105 47 0
97 39 0
129 68 21
107 45 0
123 59 13
158 88 19
115 45 0
118 48 0
160 88 16
136 64 0
152 78 7
158 81 11
147 66 0
176 92 30
193 102 49
148 51 8
140 37 2
123 13 0
150 35 16
99 0 0
126 5 0
110 0 0
106 0 0
101 0 0
100 0 0
103 0 0
102 2 2
98 0 1
93 0 0
95 1 2
93 0 0
92 0 0
91 0 0
94 0 0
97 2 0
102 4 1
104 6 3
104 10 11
97 3 4
89 0 0
89 0 0
87 0 0
86 0 0
89 1 0
95 7 6
103 13 13
78 0 0
85 0 0
91 0 0
80 0 0
98 0 1
122 19 23
108 5 9
12 1 0
9 0 0
7 0 0
6 0 0
3 0 0
2 1 0
1 2 0
0 2 0
0 2 0
0 2 0
0 2 1
1 1 1
1 1 1
2 0 1
4 0 1
4 0 3
1 1 1
1 1 1
5 6 0
7 7 0
7 6 1
7 6 2
8 7 5
6 8 7
4 8 7
4 10 8
0 7 2
4 9 3
13 9 0
21 4 0
32 0 0
50 1 0
70 9 4
86 17 12
92 2 1
92 1 0
95 1 0
100 2 0
99 1 0
95 0 0
92 2 0
90 8 0
84 8 0
78 6 0
73 3 0
76 3 0
82 4 0
88 4 4
91 0 5
93 0 6
80 0 0
79 1 0
79 1 0
79 1 0
76 1 0
76 1 0
74 0 0
75 0 0
74 0 0
75 0 0
74 0 0
75 0 0
77 0 0
83 0 0
87 1 2
90 4 5
110 0 0
112 0 0
120 0 0
129 1 0
138 4 1
139 4 0
132 2 0
122 0 0
132 22 0
141 44 12
105 23 0
142 71 29
102 39 0
107 50 5
106 54 7
101 50 3
135 55 0
130 50 0
122 43 0
162 83 17
172 93 27
143 62 0
147 63 1
142 56 0
140 50 0
158 63 17
136 36 0
125 20 0
127 16 0
127 11 0
132 13 5
125 3 0
107 3 0
104 0 0
100 0 0
96 0 0
93 0 0
94 0 0
94 0 0
94 2 3
89 0 0
90 0 0
87 0 0
83 0 0
87 0 0
97 6 3
101 10 5
97 6 1
98 2 4
96 0 2
92 0 0
90 0 0
89 0 0
92 0 1
95 5 5
98 8 8
89 0 0
87 0 0
91 0 0
94 0 0
93 0 0
90 0 0
100 0 1
113 10 14
20 12 9
13 5 2
4 0 0
4 0 0
4 0 0
3 2 0
0 1 0
0 1 0
0 2 0
0 2 0
0 2 1
1 1 1
1 1 1
2 0 1
2 0 1
4 0 3
3 3 3
3 3 3
5 7 0
7 7 0
7 6 1
9 5 2
8 7 5
7 7 7
6 7 9
4 10 8
8 14 12
8 13 7
9 9 1
13 0 0
21 0 0
35 0 0
56 3 0
70 11 5
98 10 8
96 6 5
96 2 0
98 0 0
98 0 0
97 0 0
94 0 0
93 3 0
84 2 0
79 1 0
77 0 0
79 2 0
84 3 0
88 2 3
90 0 3
89 0 2
79 1 0
79 1 0
77 2 0
77 2 0
76 1 0
76 1 0
75 0 0
75 0 0
74 0 0
73 0 0
74 0 0
75 0 0
76 0 0
80 0 0
84 3 2
86 5 4
88 0 0
94 0 0
103 0 0
119 1 0
133 5 2
141 6 3
143 4 0
140 3 0
118 0 0
146 31 10
143 43 17
160 77 45
93 25 0
93 38 0
103 59 14
131 90 44
130 40 0
143 57 0
141 55 0
159 73 16
155 69 12
131 44 0
129 39 0
111 19 0
147 52 8
168 70 33
152 48 19
138 29 8
130 17 3
120 3 0
125 6 2
121 0 0
112 9 0
109 8 0
106 4 0
101 2 0
97 0 0
92 0 0
90 0 0
88 0 0
87 0 0
89 0 0
85 0 0
81 0 0
84 0 0
90 2 0
91 4 0
86 0 0
95 0 0
96 0 0
97 0 1
95 0 1
92 0 0
90 0 0
92 0 1
94 2 3
84 0 0
81 0 0
84 0 0
91 0 0
95 0 0
95 0 0
99 0 2
109 6 10
16 11 7
10 5 1
3 0 0
3 0 0
2 1 0
3 2 0
0 1 0
0 0 0
0 2 0
1 1 0
1 1 1
1 1 1
1 1 1
2 0 1
2 0 1
2 0 3
3 3 3
3 3 3
5 7 0
7 7 0
7 6 1
9 5 2
10 6 5
8 6 7
6 7 9
5 9 10
7 13 11
6 12 8
7 8 2
11 2 0
21 1 0
40 7 0
64 20 11
80 30 21
92 7 4
91 3 0
91 0 0
93 0 0
96 0 0
99 0 0
96 0 0
93 0 0
94 2 0
91 3 0
88 4 0
89 6 0
92 7 4
94 5 7
93 1 6
92 0 3
77 2 0
77 2 0
77 2 0
77 2 0
76 1 0
75 1 0
74 0 0
74 0 0
73 0 0
73 0 0
72 0 0
72 0 0
73 0 0
78 0 0
80 2 0
82 4 2
74 0 0
79 0 0
90 0 0
107 2 0
124 6 4
138 8 6
148 8 7
151 9 5
127 0 0
155 27 14
174 61 43
166 72 47
86 9 0
82 22 0
89 41 1
133 94 51
131 36 0
156 61 17
149 54 10
136 41 0
123 30 0
120 27 0
128 32 0
110 14 0
133 35 0
160 59 31
152 46 24
141 31 16
131 17 7
118 0 0
125 5 4
127 4 6
112 11 1
111 10 2
108 9 3
106 7 2
102 4 1
96 1 0
92 0 0
89 0 0
90 0 0
91 0 0
89 0 0
87 0 0
86 0 0
89 1 0
86 0 0
81 0 0
92 0 0
99 0 0
103 3 5
102 4 5
94 0 0
89 0 0
88 0 0
90 0 0
90 0 0
84 0 0
84 0 0
93 0 0
102 6 7
103 7 8
103 5 6
103 5 6
10 9 4
5 4 0
1 0 0
1 0 0
2 1 0
2 3 0
1 2 0
0 0 0
1 1 0
1 1 0
1 1 1
1 1 1
1 1 1
1 1 1
2 0 1
2 0 3
3 3 3
3 3 3
5 7 0
7 7 0
9 6 1
10 5 2
11 5 5
10 6 7
7 7 9
5 9 10
4 10 8
4 10 6
6 9 2
12 8 0
25 11 2
46 19 10
68 31 22
83 40 31
83 0 0
88 0 0
95 0 0
101 0 0
108 0 0
112 0 0
110 0 0
105 0 0
109 3 0
102 4 0
98 6 0
96 6 0
95 6 2
95 3 4
96 1 5
95 0 6
77 2 0
77 2 0
77 2 0
77 2 0
75 1 0
75 1 0
74 0 0
74 0 0
73 0 0
72 0 0
70 0 0
70 0 0
70 0 0
72 1 0
73 2 0
74 3 0
72 5 0
74 3 0
82 3 0
95 4 0
111 6 3
127 9 7
141 11 9
148 13 10
145 10 6
149 18 10
165 47 35
150 47 30
90 4 0
93 24 0
78 21 0
111 61 28
122 19 0
144 41 10
143 43 11
128 28 0
121 22 0
132 33 1
140 41 10
128 29 0
119 17 0
145 40 19
137 30 14
131 20 9
125 10 5
113 0 0
122 2 3
124 4 6
108 5 0
108 5 0
109 6 1
109 5 2
107 5 3
105 2 3
102 2 4
100 1 4
99 0 3
98 2 4
97 3 4
98 4 4
97 6 3
96 5 2
91 0 0
85 0 0
97 0 0
104 0 3
111 6 10
107 7 9
98 0 1
90 0 0
91 0 0
93 2 1
93 3 2
87 0 0
85 0 0
93 3 2
104 13 12
106 15 14
101 7 7
93 0 0
5 6 0
2 3 0
0 1 0
0 1 0
1 2 0
2 3 0
1 2 0
0 0 0
1 1 0
1 1 0
1 1 1
1 1 1
1 1 1
1 1 1
1 1 1
1 1 3
2 2 2
2 2 2
5 7 0
7 7 0
9 6 0
10 5 2
11 5 5
11 5 7
8 6 9
7 8 10
6 12 12
6 12 8
6 11 5
10 10 0
19 9 0
30 10 0
43 13 3
51 17 7
79 0 0
93 8 1
111 16 10
124 17 11
134 17 10
142 17 11
142 15 8
134 10 0
118 0 0
112 1 0
104 0 0
97 0 0
92 0 0
91 0 0
92 0 0
93 0 2
77 2 0
77 2 0
77 2 0
77 2 0
75 1 0
75 1 0
74 0 0
74 0 0
71 0 0
70 1 0
69 0 0
68 1 0
68 1 0
67 2 0
67 2 0
68 3 0
68 5 0
72 5 0
77 4 0
85 4 0
97 6 1
112 10 6
127 15 11
139 17 14
140 15 11
125 0 0
138 19 11
132 21 10
102 5 0
113 27 10
92 17 0
106 38 15
103 0 0
117 10 0
138 31 13
143 38 17
147 42 21
148 46 24
136 33 14
126 23 4
119 16 0
137 31 17
122 14 4
120 9 2
118 5 1
106 0 0
113 0 0
112 0 0
110 1 0
109 0 0
109 0 0
109 0 0
110 0 1
110 1 4
112 3 8
111 4 10
105 0 4
104 0 4
105 2 6
107 7 9
108 10 9
105 7 6
98 3 0
94 0 0
107 0 3
113 4 9
115 9 13
110 7 10
100 0 2
93 0 0
96 2 2
98 8 7
87 0 0
82 0 0
82 0 0
88 0 0
98 10 8
102 14 12
94 4 3
84 0 0
1 4 0
0 3 0
0 2 0
0 2 0
1 2 0
1 2 0
1 2 0
0 0 0
2 1 0
2 1 0
1 1 1
1 1 1
1 1 1
1 1 1
1 1 1
1 1 3
2 2 2
2 2 2
5 7 0
7 7 0
9 6 0
10 5 2
13 4 5
11 5 7
8 6 9
7 8 10
4 10 10
3 12 9
5 12 5
10 11 3
16 9 0
24 7 0
29 5 0
33 3 0
72 0 0
97 13 3
124 27 20
139 28 21
148 25 18
158 25 18
160 23 15
155 18 10
133 2 0
126 4 0
117 5 0
107 3 0
98 0 0
93 0 0
92 0 0
94 0 3
76 2 0
76 2 0
76 2 0
76 2 0
75 1 0
75 1 0
74 0 0
72 1 0
70 1 0
69 2 0
67 2 0
66 3 0
63 3 0
63 3 0
62 3 0
62 3 0
66 0 0
67 0 0
70 1 0
74 3 0
83 6 0
93 10 2
109 16 9
121 20 12
122 13 8
115 0 0
127 9 5
126 13 7
109 0 0
111 10 2
105 11 1
111 19 8
110 0 0
109 0 0
128 17 8
133 25 15
140 32 22
142 35 25
121 17 6
119 15 4
113 9 0
126 19 11
110 1 0
114 2 0
121 7 6
112 0 0
115 0 0
114 0 0
117 0 0
116 0 0
115 0 0
114 0 0
114 0 0
113 0 2
115 0 6
115 0 8
110 0 3
108 0 2
109 0 5
114 5 10
114 8 10
109 5 6
104 0 0
102 0 0
115 2 6
116 6 9
116 7 10
109 5 6
102 0 0
97 0 0
99 5 3
101 12 8
81 0 0
81 0 0
83 0 0
86 3 0
92 9 3
96 13 7
91 6 1
82 0 0
0 3 0
0 3 0
0 2 0
0 2 0
0 1 0
0 1 0
0 1 0
1 0 0
2 1 0
2 1 0
2 0 1
1 1 1
1 1 1
1 1 1
1 1 1
1 1 3
1 1 1
1 1 1
5 7 0
7 7 0
9 6 0
10 5 2
13 4 5
11 5 7
10 5 9
7 8 10
1 7 7
0 9 6
4 11 4
10 13 4
17 13 2
26 12 1
30 10 0
34 7 0
63 0 0
94 10 0
124 27 18
136 23 15
143 14 8
153 14 9
159 15 7
156 12 4
143 5 0
140 9 0
134 13 4
124 13 6
111 8 3
101 3 0
95 0 0
94 0 1
77 2 0
77 2 0
77 2 0
76 2 0
75 1 0
75 1 0
72 1 0
72 1 0
70 1 0
69 2 0
66 3 0
64 4 0
62 3 0
60 3 0
57 3 0
57 3 0
68 0 0
67 0 0
67 0 0
65 0 0
66 2 0
73 5 0
84 10 0
96 12 2
108 14 6
113 8 2
117 5 1
124 9 6
114 0 0
101 0 0
115 1 0
110 0 0
119 3 4
110 0 0
121 7 7
109 0 0
110 1 0
123 15 12
110 2 0
114 9 5
106 0 0
118 10 7
107 0 0
115 5 4
125 13 12
115 1 1
118 2 5
117 1 4
120 0 0
121 0 0
121 0 0
122 0 1
121 0 2
121 0 4
120 0 5
118 0 5
117 0 6
113 0 2
114 0 4
119 4 11
120 7 11
113 0 4
106 0 0
107 0 0
113 0 4
114 1 5
112 2 5
106 0 2
101 0 0
98 0 0
97 3 1
96 7 3
83 0 0
89 6 0
92 9 3
87 7 0
85 5 0
85 5 0
82 2 0
75 0 0
0 3 0
0 4 0
0 4 0
0 3 0
0 1 0
0 1 0
0 1 0
1 0 0
2 1 0
2 1 0
2 0 1
2 0 1
1 1 1
1 1 1
1 1 1
0 1 3
1 1 1
1 1 1
5 7 0
7 7 0
9 6 0
10 5 2
13 4 5
13 4 7
10 5 9
7 8 10
5 11 11
2 11 8
1 11 3
8 11 2
14 10 0
21 9 0
26 6 0
28 4 0
61 0 0
94 10 0
125 27 18
133 18 11
137 5 0
147 4 0
155 6 0
157 6 0
144 0 0
142 8 0
139 15 7
130 17 9
116 11 7
102 2 0
92 0 0
87 0 0
77 2 0
77 2 0
77 2 0
76 2 0
75 1 0
75 1 0
72 1 0
71 2 0
69 2 0
68 3 0
67 4 0
63 4 0
61 4 0
58 4 0
56 4 0
55 3 0
73 0 0
71 0 0
67 0 0
61 0 0
56 0 0
57 0 0
65 2 0
76 2 0
93 9 0
103 6 0
101 0 0
118 2 2
118 0 0
103 0 0
125 0 4
109 0 0
104 0 0
106 0 0
124 9 14
104 0 0
102 0 0
121 11 12
102 0 0
101 0 0
110 2 0
124 16 14
113 5 3
121 11 10
125 13 12
109 0 0
108 0 0
106 0 0
119 0 0
122 0 0
126 0 1
129 0 5
129 0 7
127 0 7
124 0 6
120 0 5
124 0 10
119 0 5
120 0 7
124 4 13
123 6 12
115 0 4
109 0 0
111 0 0
110 0 0
109 0 0
107 0 0
104 0 0
101 0 0
97 0 0
94 0 0
91 2 0
85 0 0
94 11 5
95 15 8
84 5 0
74 0 0
70 0 0
66 0 0
62 0 0
0 3 0
0 4 0
0 4 0
0 3 0
0 1 0
0 1 0
0 1 0
1 0 0
2 1 0
2 1 0
2 0 1
2 0 1
1 1 1
1 1 1
1 1 1
0 1 3
1 1 1
1 1 1
8 9 4
7 8 3
7 8 3
8 9 4
10 11 6
9 10 5
6 7 2
3 4 0
6 7 2
6 7 2
7 8 3
8 9 4
9 10 5
11 12 7
12 13 8
12 13 8
34 7 0
48 2 0
81 6 0
121 17 18
140 17 20
140 7 12
140 7 8
148 16 14
141 3 1
155 9 9
163 9 9
153 0 0
135 0 0
121 3 0
112 20 0
108 33 4
125 14 0
122 12 0
111 5 0
98 0 0
90 0 0
87 0 0
85 3 0
77 3 0
69 1 0
63 3 0
61 4 0
56 5 1
53 5 1
50 5 2
47 3 2
47 3 2
61 0 15
58 0 14
54 1 11
51 2 6
48 2 4
50 2 0
55 1 0
60 0 0
68 0 0
80 0 1
89 3 4
91 2 4
90 1 5
86 0 3
81 0 1
77 0 0
107 0 12
106 0 9
101 0 5
98 0 0
93 0 0
91 0 0
89 2 0
89 4 0
82 0 0
93 13 0
104 23 2
104 23 6
95 11 0
87 2 0
88 0 0
92 4 2
120 0 1
122 0 6
123 2 9
121 6 11
117 8 11
110 6 7
103 3 3
97 1 2
105 9 10
103 7 8
102 4 5
104 1 5
107 0 6
114 3 10
121 7 15
125 9 18
123 0 9
121 0 10
120 0 9
115 0 7
114 0 6
113 0 2
113 0 0
115 0 0
119 0 4
119 0 9
105 0 9
86 4 8
62 6 5
26 0 0
4 0 0
2 13 0
0 2 0
0 2 0
0 2 0
0 2 0
0 2 0
0 2 0
0 2 0
0 2 0
0 2 0
0 2 0
0 2 0
0 2 0
0 2 0
0 2 0
0 2 0
0 2 0
0 2 0
0 2 0
9 10 5
8 9 4
8 9 4
9 10 5
11 12 7
10 11 6
7 8 3
4 5 0
6 7 2
6 7 2
7 8 3
8 9 4
9 10 5
9 10 5
10 11 6
10 11 6
24 6 0
37 0 0
67 3 0
108 14 14
131 18 20
133 13 15
135 13 12
141 19 16
151 22 17
164 22 20
169 17 16
161 5 6
146 1 0
135 9 0
124 21 2
115 29 4
139 17 4
142 22 8
139 23 10
131 19 7
121 15 2
113 12 2
100 7 0
87 3 0
77 0 0
71 0 0
67 2 0
64 3 0
61 3 1
57 3 1
54 3 2
53 1 3
62 2 14
59 1 13
55 2 10
53 2 7
52 4 4
53 3 2
58 3 0
64 0 0
68 0 0
78 0 0
85 0 3
87 1 4
86 1 4
84 4 5
82 6 8
81 7 8
88 1 10
89 2 10
91 0 5
89 0 0
90 0 0
91 0 0
95 0 0
100 0 0
109 9 0
109 12 0
110 14 0
103 11 0
95 5 0
89 2 0
87 2 0
87 4 0
107 0 0
108 0 0
109 0 0
109 3 3
107 4 5
103 5 4
99 4 2
96 2 0
95 0 0
97 0 0
101 0 1
106 0 2
112 0 5
118 1 9
125 4 13
130 6 16
124 0 12
121 0 12
118 1 10
115 1 9
111 0 6
108 0 1
109 0 0
110 0 0
112 0 1
114 0 7
102 1 9
85 4 10
62 8 8
25 0 0
4 0 0
1 9 0
0 2 0
0 2 0
0 2 0
0 2 0
0 2 0
0 2 0
0 2 0
0 2 0
0 2 0
0 2 0
0 2 0
0 2 0
0 2 0
0 2 0
0 2 0
0 2 0
0 2 0
0 2 0
11 12 7
10 11 6
10 11 6
11 12 7
12 13 8
12 13 8
9 10 5
7 8 3
7 8 3
7 8 3
7 8 3
7 8 3
8 9 4
8 9 4
8 9 4
8 9 4
15 10 0
25 2 0
51 1 0
87 12 9
111 17 17
114 14 14
115 13 9
119 16 9
135 22 16
150 18 16
158 9 11
158 0 3
152 0 0
144 5 0
133 13 0
122 15 0
146 7 0
151 14 6
150 17 10
144 15 9
136 13 6
125 10 5
112 3 0
99 0 0
89 0 0
84 0 0
79 0 0
74 0 0
71 0 2
68 0 2
66 0 2
64 0 3
63 1 12
61 1 9
58 1 7
55 3 5
55 4 3
58 4 2
62 3 0
67 2 0
72 0 0
78 0 0
81 0 1
80 0 1
76 0 2
72 2 2
70 6 4
69 9 8
57 7 8
63 9 9
73 9 9
78 3 0
83 0 0
93 0 0
105 0 0
116 0 0
139 16 9
132 11 3
121 4 0
107 0 0
99 0 0
93 0 0
88 3 0
86 6 0
103 1 0
102 2 0
102 4 1
101 6 2
100 7 2
97 6 1
96 5 0
98 5 0
90 0 0
97 0 0
104 0 0
112 0 2
118 0 4
124 0 6
128 0 7
130 0 7
114 0 7
111 0 7
108 2 6
106 3 4
104 1 2
102 0 0
102 0 0
104 0 0
104 0 0
107 0 6
96 1 7
78 3 7
58 8 7
25 0 0
4 0 0
0 7 0
0 2 0
0 2 0
0 2 0
0 2 0
0 2 0
0 2 0
0 2 0
0 2 0
0 2 0
0 2 0
0 2 0
0 2 0
0 2 0
0 2 0
0 2 0
0 2 0
0 2 0
0 2 0
14 15 10
12 13 8
11 12 7
12 13 8
13 14 9
13 14 9
11 12 7
9 10 5
8 9 4
8 9 4
8 9 4
7 8 3
7 8 3
6 7 2
6 7 2
6 7 2
10 19 0
16 9 0
34 4 0
63 8 3
82 12 10
85 10 5
81 7 0
84 4 0
96 3 0
120 5 0
143 3 4
153 0 1
156 0 0
152 0 0
142 3 0
133 5 0
150 1 0
152 2 1
147 2 0
139 0 0
133 0 0
130 2 1
126 4 3
117 3 3
98 0 0
92 0 0
86 0 0
81 0 0
76 0 0
73 0 1
72 0 1
72 0 2
62 0 5
61 0 5
60 1 3
60 2 1
60 2 0
62 3 0
67 2 0
72 1 0
77 1 1
79 0 0
79 1 1
76 2 3
65 0 0
51 0 0
44 0 0
42 0 0
25 11 2
37 14 6
52 15 7
63 8 3
75 0 0
91 0 0
111 0 0
130 0 0
154 16 16
147 9 9
134 0 1
118 0 0
107 0 0
100 0 0
97 4 0
96 8 4
104 11 4
103 10 3
99 9 1
97 7 0
94 5 0
92 3 0
92 3 0
94 1 0
94 0 0
101 0 0
110 0 1
119 0 4
124 0 5
126 0 3
127 0 0
127 0 0
100 0 0
98 0 0
98 0 0
96 3 0
96 3 0
97 4 0
100 2 0
101 1 1
98 0 0
100 4 8
86 1 6
65 0 1
48 4 3
21 0 0
3 0 0
0 8 0
1 3 0
1 3 0
1 3 0
1 3 0
1 3 0
1 3 0
1 3 0
1 3 0
1 3 0
1 3 0
1 3 0
1 3 0
1 3 0
1 3 0
1 3 0
1 3 0
1 3 0
1 3 0
16 17 12
14 15 10
12 13 8
12 13 8
13 14 9
14 15 10
12 13 8
11 12 7
10 11 6
9 10 5
9 10 5
8 9 4
7 8 3
7 8 3
6 7 2
6 7 2
2 24 3
6 13 0
19 5 0
39 4 0
53 8 3
56 7 0
50 4 0
51 0 0
64 0 0
102 5 0
140 12 13
160 7 12
165 0 7
163 0 4
158 2 3
152 4 2
159 7 6
156 6 5
150 2 2
139 0 0
134 0 0
135 2 3
133 9 9
127 11 11
101 0 0
94 0 0
88 0 0
82 0 0
76 0 0
73 0 0
71 0 0
69 0 0
64 0 0
64 0 0
63 0 0
63 0 0
65 0 0
70 0 0
74 0 0
78 0 0
83 2 1
81 0 1
79 3 5
76 8 7
60 5 2
38 0 0
24 0 0
20 0 0
3 9 0
17 15 3
34 17 9
50 11 4
63 2 0
84 0 0
108 2 2
130 7 10
144 9 13
146 7 12
140 4 8
131 0 3
118 0 0
111 0 0
110 1 4
113 9 10
104 5 0
102 3 0
99 2 0
94 0 0
91 0 0
90 0 0
90 0 0
91 0 0
97 0 0
104 0 0
112 4 2
120 6 6
124 4 6
126 0 4
125 0 0
124 0 0
98 1 0
96 1 0
93 3 0
93 4 0
92 5 0
93 6 0
95 6 0
97 6 3
94 4 4
93 9 9
72 0 3
48 0 0
34 0 0
17 0 0
1 1 0
1 11 0
1 3 0
1 3 0
1 3 0
1 3 0
1 3 0
1 3 0
1 3 0
1 3 0
1 3 0
1 3 0
1 3 0
1 3 0
1 3 0
1 3 0
1 3 0
1 3 0
1 3 0
1 3 0
16 17 12
14 15 10
12 13 8
11 12 7
13 14 9
13 14 9
13 14 9
12 13 8
11 12 7
10 11 6
10 11 6
9 10 5
9 10 5
8 9 4
8 9 4
7 8 3
0 21 3
0 13 0
8 5 0
22 3 0
30 5 0
32 8 0
27 8 0
30 4 0
42 0 0
85 11 2
133 21 20
159 16 22
166 4 15
167 0 8
164 1 6
158 2 5
148 5 1
148 6 4
142 3 0
132 0 0
125 0 0
123 0 0
119 1 0
110 1 0
102 0 0
94 0 0
87 0 0
77 0 0
71 0 0
67 0 0
65 0 0
64 1 0
68 0 0
68 0 0
69 0 0
69 0 0
73 0 0
78 0 0
82 1 0
86 0 1
88 0 1
83 0 1
81 5 7
77 13 13
60 10 9
33 0 0
14 0 0
11 0 0
0 5 0
8 9 1
21 12 5
35 10 3
49 6 0
66 5 0
89 10 6
108 13 11
116 8 8
127 8 10
132 7 11
129 3 7
125 0 3
120 0 0
123 0 5
126 1 9
110 0 0
109 0 0
107 0 0
104 0 0
102 0 0
102 0 0
100 1 0
100 1 0
97 0 0
102 0 0
107 4 0
112 7 3
117 8 5
119 7 5
120 4 4
118 2 2
107 10 1
104 10 0
101 9 0
96 8 0
93 6 0
91 7 0
91 6 0
90 7 3
89 10 6
84 13 11
60 0 0
33 0 0
21 0 0
10 1 0
0 5 0
0 13 3
2 4 1
2 4 1
2 4 1
2 4 1
2 4 1
2 4 1
2 4 1
2 4 1
2 4 1
2 4 1
2 4 1
2 4 1
2 4 1
2 4 1
2 4 1
2 4 1
2 4 1
2 4 1
16 17 12
14 15 10
11 12 7
10 11 6
12 13 8
13 14 9
13 14 9
12 13 8
11 12 7
11 12 7
11 12 7
10 11 6
10 11 6
10 11 6
10 11 6
10 11 6
0 17 3
0 14 4
6 9 2
13 4 0
15 4 0
14 10 0
12 15 0
15 14 0
24 5 0
65 13 2
109 18 17
140 14 18
156 5 14
161 1 11
157 0 7
153 0 2
130 3 0
130 3 0
124 0 0
114 0 0
108 0 0
107 0 0
102 0 0
95 0 0
100 10 2
93 8 1
84 7 0
75 5 0
68 4 0
62 4 0
59 5 0
59 5 0
77 0 0
77 0 0
77 0 0
80 0 0
83 0 0
89 1 0
93 1 2
96 1 5
94 0 3
85 0 2
81 2 7
74 12 13
55 11 10
25 0 0
8 0 0
6 3 0
2 1 0
8 3 0
15 5 3
22 7 2
32 7 0
44 10 1
60 13 5
73 14 6
89 16 9
98 13 8
109 9 9
116 6 9
121 0 7
125 0 5
127 0 5
128 0 3
121 0 0
120 0 0
119 0 0
118 0 0
114 0 0
112 0 0
109 1 0
106 3 0
99 0 0
99 0 0
100 3 0
102 5 0
105 6 0
106 7 1
109 7 2
109 8 0
111 9 0
109 6 0
104 6 0
98 4 0
95 2 0
91 2 0
87 4 0
83 6 0
80 9 5
75 15 14
51 3 1
22 0 0
12 0 0
4 4 0
0 6 0
0 11 1
2 4 1
2 4 1
2 4 1
2 4 1
2 4 1
2 4 1
2 4 1
2 4 1
2 4 1
2 4 1
2 4 1
2 4 1
2 4 1
2 4 1
2 4 1
2 4 1
2 4 1
2 4 1
16 17 12
13 14 9
10 11 6
10 11 6
11 12 7
12 13 8
12 13 8
12 13 8
11 12 7
11 12 7
11 12 7
11 12 7
11 12 7
11 12 7
11 12 7
11 12 7
0 16 7
3 16 9
10 10 8
10 5 2
8 4 1
5 11 1
1 18 2
2 19 0
10 11 0
44 14 3
85 16 11
118 12 14
140 9 15
151 10 16
150 7 11
143 5 5
127 12 5
123 10 2
115 2 0
105 0 0
100 0 0
104 1 0
107 8 2
105 12 5
102 15 8
93 15 5
84 11 2
75 8 0
67 7 0
61 7 0
58 9 0
57 9 0
83 0 0
83 0 0
84 0 0
87 0 0
90 0 0
96 2 3
101 2 5
104 3 9
99 0 7
87 0 2
79 0 5
70 8 11
48 6 7
17 0 0
4 0 0
0 3 0
9 0 1
10 0 2
10 0 0
13 3 1
17 8 0
25 13 1
34 16 2
43 17 2
66 28 15
72 20 9
82 11 5
96 8 7
110 5 10
120 0 10
120 0 3
117 0 0
122 0 0
121 0 0
120 0 0
117 0 0
114 0 0
108 0 0
104 0 0
100 0 0
103 1 0
100 1 0
98 1 0
96 2 0
96 2 0
97 3 0
98 4 0
98 4 0
111 0 0
110 0 0
105 0 0
100 0 0
96 0 0
92 0 0
87 2 0
81 6 3
71 10 7
67 18 14
40 7 2
14 0 0
5 2 0
0 8 0
0 7 0
0 11 0
2 4 1
2 4 1
2 4 1
2 4 1
2 4 1
2 4 1
2 4 1
2 4 1
2 4 1
2 4 1
2 4 1
2 4 1
2 4 1
2 4 1
2 4 1
2 4 1
2 4 1
2 4 1
10 11 6
11 12 7
11 12 7
12 13 8
12 13 8
13 14 9
14 15 10
14 15 10
11 12 7
11 12 7
12 13 8
12 13 8
12 13 8
13 14 9
13 14 9
13 14 9
3 15 11
8 12 11
13 9 10
15 6 7
11 7 6
0 11 3
0 16 1
0 17 0
0 11 0
22 10 0
62 13 6
101 17 17
121 12 15
119 3 4
114 0 0
113 0 0
110 3 0
102 0 0
99 0 0
108 3 0
114 11 6
113 11 6
111 12 7
110 15 11
98 9 3
96 13 7
95 18 10
91 21 13
83 19 9
72 12 1
61 4 0
52 0 0
85 0 0
88 0 1
88 0 1
87 0 0
88 0 0
96 0 2
99 0 5
97 0 4
93 0 3
86 0 3
78 0 7
68 7 14
47 7 8
19 0 0
4 0 0
0 2 0
9 0 3
8 0 3
7 0 0
5 1 0
5 5 0
10 10 0
16 14 1
23 16 0
48 30 16
86 56 45
77 33 24
60 0 0
89 11 11
106 14 19
99 0 6
106 0 9
110 0 3
108 0 1
107 0 0
104 0 0
103 0 0
101 0 0
101 0 0
100 0 0
97 0 0
96 0 0
96 0 0
102 0 0
106 4 0
107 3 0
103 0 0
99 0 0
117 0 0
117 0 0
116 0 0
111 0 0
104 0 0
95 0 0
83 0 0
73 1 2
57 1 0
41 3 0
24 3 0
9 2 0
0 4 0
0 7 0
0 12 0
0 14 3
2 4 1
1 3 0
1 3 0
0 2 0
0 2 0
1 3 0
1 3 0
2 4 1
1 3 0
1 3 0
1 3 0
1 3 0
1 3 0
1 3 0
1 3 0
1 3 0
1 3 0
1 3 0
11 12 7
11 12 7
11 12 7
12 13 8
12 13 8
13 14 9
13 14 9
14 15 10
11 12 7
11 12 7
12 13 8
12 13 8
12 13 8
13 14 9
13 14 9
13 14 9
9 14 10
13 12 10
19 7 11
20 5 10
13 7 9
1 12 8
0 17 5
0 19 2
0 14 0
8 10 0
40 10 2
73 12 9
92 11 8
96 7 3
93 6 0
92 10 0
102 0 0
115 11 8
114 10 7
100 0 0
101 0 0
116 10 10
116 12 11
102 0 0
102 2 2
97 2 0
88 0 0
80 0 0
73 0 0
72 0 0
73 2 0
77 6 0
80 0 0
84 0 1
85 0 2
82 0 0
84 0 0
88 0 0
90 0 1
87 0 0
83 0 0
79 0 1
75 0 9
67 7 15
46 7 10
19 0 0
3 0 0
0 3 0
2 2 4
1 1 3
0 0 0
0 2 0
3 4 0
7 8 0
13 10 1
19 12 2
23 10 1
53 33 24
44 15 7
32 0 0
56 8 4
67 11 10
60 0 0
71 7 8
91 13 13
90 12 12
89 9 10
87 7 8
88 7 6
91 5 6
94 6 5
97 5 6
107 11 12
107 7 9
108 2 4
109 0 2
112 0 0
113 0 0
115 0 0
114 0 0
128 3 1
122 0 0
115 0 0
110 0 0
105 0 0
97 0 1
84 0 4
68 2 4
42 0 0
28 0 0
12 1 0
1 4 0
0 5 0
0 9 0
0 12 0
0 14 3
2 4 1
1 3 0
1 3 0
0 2 0
0 2 0
1 3 0
1 3 0
2 4 1
1 3 0
1 3 0
1 3 0
1 3 0
1 3 0
1 3 0
1 3 0
1 3 0
1 3 0
1 3 0
11 12 7
11 12 7
12 13 8
12 13 8
12 13 8
13 14 9
13 14 9
13 14 9
11 12 7
11 12 7
12 13 8
12 13 8
12 13 8
13 14 9
13 14 9
13 14 9
13 14 9
17 12 9
23 7 10
24 5 9
18 6 10
6 12 10
0 18 9
0 21 7
0 17 1
0 9 0
21 2 0
47 4 0
64 5 0
67 7 0
67 11 0
66 17 0
112 14 13
109 11 10
113 13 15
121 18 21
119 13 17
110 1 6
108 0 4
115 6 11
96 0 0
97 0 0
98 0 0
94 0 0
87 0 0
83 0 0
83 0 0
83 0 0
76 0 1
79 0 5
80 1 4
76 0 2
77 1 3
82 3 6
83 1 5
80 0 4
77 0 2
76 0 7
73 6 15
63 10 18
42 6 10
17 0 0
3 0 0
0 2 0
0 7 4
0 6 3
0 4 0
0 2 0
2 2 0
8 3 0
14 4 2
19 4 1
13 0 0
27 8 4
17 0 0
15 0 0
24 4 0
24 5 0
18 0 0
29 12 4
40 6 0
42 5 0
43 4 0
50 5 0
58 7 3
69 9 8
80 12 11
88 12 12
100 14 17
106 10 14
109 2 10
111 0 4
113 0 2
117 0 1
123 0 4
128 0 7
114 0 0
110 0 0
105 0 0
106 0 0
106 1 8
97 4 12
78 1 7
57 1 4
27 0 0
14 0 0
1 0 0
0 5 0
0 6 0
0 10 0
0 10 1
0 11 2
2 4 1
1 3 0
0 2 0
0 2 0
0 2 0
0 2 0
1 3 0
2 4 1
1 3 0
1 3 0
1 3 0
1 3 0
1 3 0
1 3 0
1 3 0
1 3 0
1 3 0
1 3 0
12 13 8
12 13 8
12 13 8
12 13 8
12 13 8
12 13 8
12 13 8
12 13 8
11 12 7
11 12 7
12 13 8
12 13 8
12 13 8
13 14 9
13 14 9
13 14 9
12 15 6
17 12 8
26 8 8
27 5 8
23 7 10
11 11 11
0 17 11
0 22 11
0 21 9
0 10 0
11 0 0
30 0 0
42 2 0
43 5 0
39 11 0
38 18 0
101 20 19
98 14 14
105 16 18
118 26 29
120 24 28
109 8 14
105 0 7
110 3 11
98 0 0
101 0 0
106 0 5
104 1 5
96 0 0
89 0 0
85 0 0
85 0 0
70 4 8
72 6 10
70 6 7
65 3 4
65 5 5
72 10 11
74 12 13
75 11 12
73 7 11
72 10 15
68 13 19
55 10 15
33 2 7
12 0 0
3 0 0
0 1 0
0 10 1
0 9 1
0 6 0
0 3 0
0 0 0
8 0 0
14 0 1
18 0 0
16 0 0
19 0 0
11 0 0
7 0 0
5 5 0
0 3 0
0 5 0
0 14 1
0 2 0
3 1 0
6 0 0
12 0 0
23 0 0
36 3 0
50 5 2
63 5 4
76 6 8
87 5 11
100 5 13
107 1 13
112 0 9
115 0 8
121 0 9
128 0 13
95 0 0
99 0 0
106 5 9
108 12 16
104 13 20
87 6 15
60 0 3
34 0 0
17 0 0
4 0 0
0 3 0
0 7 0
0 7 0
0 8 0
0 6 0
0 5 0
1 3 0
1 3 0
0 2 0
0 1 0
0 1 0
0 2 0
1 3 0
1 3 0
1 3 0
1 3 0
1 3 0
1 3 0
1 3 0
1 3 0
1 3 0
1 3 0
1 3 0
1 3 0
12 13 8
12 13 8
12 13 8
12 13 8
12 13 8
12 13 8
12 13 8
12 13 8
11 12 7
11 12 7
12 13 8
12 13 8
12 13 8
13 14 9
13 14 9
13 14 9
7 18 2
14 14 4
23 9 6
28 6 8
25 6 10
16 10 12
4 16 14
0 20 14
0 23 15
3 13 5
13 4 0
25 1 0
31 2 0
24 5 0
20 12 0
17 20 0
70 17 11
92 37 32
88 29 25
61 0 0
69 0 0
106 26 27
105 19 22
72 0 0
103 8 14
101 6 12
96 1 5
90 0 0
82 0 0
82 0 0
86 0 0
91 2 4
61 9 13
60 10 13
52 6 8
42 1 0
40 0 0
47 7 5
52 11 9
54 10 9
55 9 11
56 11 14
50 9 13
35 3 6
17 0 0
7 0 0
1 0 0
0 1 0
0 9 0
0 8 0
0 5 0
0 3 0
0 0 0
4 0 0
8 0 0
11 0 1
17 0 6
11 0 3
6 0 0
2 1 0
0 6 2
0 5 0
0 7 0
0 13 1
0 14 2
0 10 0
0 6 0
0 2 0
6 0 0
13 0 0
22 0 0
31 0 0
47 0 0
63 1 4
80 7 14
92 11 18
97 7 16
98 2 13
99 0 11
100 0 11
85 14 8
94 20 17
102 26 26
100 24 28
84 13 19
61 0 6
37 0 0
21 0 0
8 0 0
0 3 0
0 7 0
0 8 0
0 7 0
0 4 0
0 1 0
1 0 0
1 3 0
0 2 0
0 1 0
0 1 0
0 1 0
0 1 0
0 2 0
1 3 0
1 3 0
1 3 0
1 3 0
1 3 0
1 3 0
1 3 0
1 3 0
1 3 0
1 3 0
1 3 0
13 14 9
13 14 9
13 14 9
12 13 8
12 13 8
12 13 8
11 12 7
11 12 7
11 12 7
11 12 7
12 13 8
12 13 8
12 13 8
13 14 9
13 14 9
13 14 9
1 20 0
8 17 0
19 10 1
26 6 5
26 6 8
19 8 12
8 14 14
1 17 14
5 21 18
9 14 10
18 8 6
27 6 3
26 6 0
19 10 0
14 23 0
15 34 2
62 46 31
64 46 32
46 22 10
22 0 0
33 0 0
66 19 13
73 18 15
55 0 0
79 11 10
82 10 11
83 12 10
85 11 10
83 12 10
81 10 8
78 9 4
77 8 3
45 9 13
40 8 9
31 3 2
18 0 0
14 0 0
16 0 0
20 1 0
22 0 0
27 2 0
30 2 0
25 0 0
14 0 0
10 0 0
4 0 0
0 1 0
0 2 0
0 4 0
0 2 0
0 2 0
0 2 0
0 1 0
0 0 2
0 0 2
0 0 2
2 3 7
0 0 4
0 1 4
0 3 6
0 3 4
0 3 3
0 4 4
1 7 7
0 12 5
0 10 4
0 7 2
2 4 0
2 1 0
6 0 0
11 0 0
15 0 0
20 0 0
30 0 0
44 4 4
53 9 8
56 8 8
53 2 1
49 0 0
45 0 0
51 11 1
58 15 6
64 16 12
59 9 8
48 0 1
33 0 0
23 0 0
15 0 2
2 2 2
0 7 3
0 9 3
0 9 3
0 6 0
1 1 0
6 0 0
10 0 0
0 2 0
0 2 0
0 1 0
0 1 0
0 1 0
0 1 0
0 2 0
0 2 0
1 3 0
1 3 0
1 3 0
1 3 0
1 3 0
1 3 0
1 3 0
1 3 0
1 3 0
1 3 0
14 15 10
13 14 9
13 14 9
12 13 8
12 13 8
11 12 7
11 12 7
11 12 7
11 12 7
11 12 7
12 13 8
12 13 8
12 13 8
13 14 9
13 14 9
13 14 9
0 23 0
3 18 0
14 12 0
24 6 2
26 6 7
20 8 10
12 12 14
5 15 14
6 16 15
12 12 12
22 10 10
29 9 8
27 10 2
21 18 1
23 39 12
28 58 24
41 64 38
15 33 9
0 14 0
10 15 0
20 15 0
20 4 0
28 4 0
47 15 4
41 1 0
49 5 0
61 14 6
73 24 17
77 29 19
70 23 13
55 8 0
43 0 0
25 3 5
24 4 5
16 2 0
6 0 0
3 0 0
1 1 0
3 1 0
4 0 0
7 0 0
11 0 0
10 0 0
8 0 0
4 0 0
3 3 1
0 4 2
0 3 0
11 0 0
10 0 0
7 0 0
1 1 0
0 4 1
0 6 3
0 6 4
0 8 4
0 8 5
0 6 5
0 5 6
0 4 7
0 0 5
9 0 8
17 1 12
12 0 6
1 0 2
1 0 2
1 0 2
5 1 2
7 1 3
9 0 1
9 1 0
10 0 0
7 0 0
7 0 0
7 0 0
10 1 0
11 3 0
9 3 0
6 0 0
6 0 0
14 0 0
17 0 0
22 0 0
23 0 0
21 0 0
18 0 0
15 0 2
11 7 8
0 5 4
0 7 3
0 9 3
0 7 1
0 3 0
4 0 0
13 0 0
17 0 0
0 2 0
0 1 0
0 1 0
0 1 0
0 1 0
0 1 0
0 1 0
0 2 0
1 3 0
1 3 0
1 3 0
1 3 0
1 3 0
1 3 0
1 3 0
1 3 0
1 3 0
1 3 0
14 15 10
14 15 10
13 14 9
12 13 8
12 13 8
11 12 7
11 12 7
10 11 6
11 12 7
11 12 7
12 13 8
12 13 8
12 13 8
13 14 9
13 14 9
13 14 9
0 24 0
0 20 0
11 14 0
22 7 0
25 5 6
21 6 9
12 10 11
6 15 14
5 11 11
12 10 11
24 10 10
29 9 8
27 12 5
24 25 9
32 52 25
43 77 44
0 38 7
0 28 0
0 20 0
0 19 0
1 16 0
4 9 0
10 5 0
16 3 0
25 3 0
27 0 0
29 0 0
37 5 0
43 11 0
42 10 0
32 0 0
24 0 0
13 0 0
14 2 2
10 5 1
3 4 0
0 6 0
2 10 0
1 9 0
1 4 0
1 1 0
5 1 0
6 0 0
4 0 0
3 2 0
7 9 6
0 5 2
0 4 0
22 0 0
18 0 0
12 0 0
5 1 0
0 6 2
0 9 3
0 12 5
0 13 5
0 13 8
0 10 7
0 10 11
0 3 9
4 0 7
16 0 10
28 0 15
24 0 7
8 0 5
10 0 6
11 0 7
13 0 7
11 0 6
8 0 2
4 0 0
1 0 0
4 5 0
0 3 0
0 4 0
0 6 0
0 8 0
0 10 0
0 13 0
0 11 0
5 4 0
6 3 0
10 0 0
16 0 0
17 0 0
13 0 0
6 0 0
0 1 2
0 4 4
0 7 4
0 8 2
0 6 0
0 2 0
7 0 0
18 0 0
23 0 0
0 2 0
0 1 0
0 1 0
0 1 0
0 1 0
0 1 0
0 1 0
0 2 0
1 3 0
1 3 0
1 3 0
1 3 0
1 3 0
1 3 0
1 3 0
1 3 0
1 3 0
1 3 0
26 16 4
24 16 3
21 13 0
18 10 0
16 10 0
17 10 0
16 12 1
16 13 4
13 10 3
12 11 6
12 13 7
13 14 9
12 14 9
12 14 11
12 14 11
10 15 11
15 12 3
14 11 4
14 10 7
12 10 11
12 10 13
12 10 11
11 10 6
10 12 1
16 19 0
0 5 0
20 27 0
31 38 7
10 16 0
34 42 19
63 70 54
34 40 26
10 11 6
10 11 6
10 11 6
9 10 5
8 9 4
8 9 4
7 8 3
7 8 3
6 7 2
6 7 2
6 7 2
6 7 2
7 8 3
7 8 3
7 8 3
7 8 3
7 8 2
7 8 2
7 8 2
6 7 1
4 5 0
3 4 0
1 2 0
0 0 0
0 0 0
0 0 0
0 0 0
0 0 0
0 0 0
0 0 0
0 0 0
0 0 2
0 0 0
0 0 0
0 0 0
0 0 0
0 0 0
0 0 0
0 0 0
0 0 0
0 0 0
0 0 0
0 0 0
0 0 0
0 0 0
0 0 0
0 0 0
0 0 0
1 1 1
1 1 1
1 1 1
1 1 1
1 1 1
1 1 1
1 1 1
1 1 1
1 1 1
1 1 1
1 1 1
1 1 1
1 1 1
1 1 1
1 1 1
1 1 1
0 2 0
0 2 0
0 2 0
0 2 0
0 2 0
0 2 0
0 2 0
0 2 0
0 2 0
0 2 0
0 2 0
0 2 0
0 2 0
0 2 0
0 2 0
0 2 0
1 3 0
1 3 0
1 3 0
1 3 0
1 3 0
1 3 0
1 3 0
1 3 0
1 3 0
1 3 0
1 3 0
1 3 0
1 3 0
1 3 0
1 3 0
1 3 0
0 5 1
0 5 1
30 20 8
27 19 6
24 16 3
21 13 2
17 11 0
17 10 0
15 11 0
14 11 2
12 9 2
11 11 3
11 12 6
12 13 8
12 14 9
12 14 11
12 14 11
12 14 11
14 11 2
14 11 4
14 10 7
12 10 11
12 10 13
12 10 11
12 11 7
11 13 2
11 14 0
11 17 0
13 20 0
15 21 0
31 37 11
59 67 46
50 57 41
9 15 3
11 12 7
10 11 6
10 11 6
10 11 6
9 10 5
8 9 4
8 9 4
8 9 4
6 7 2
6 7 2
6 7 2
6 7 2
7 8 3
7 8 3
7 8 3
7 8 3
7 8 2
7 8 2
7 8 2
6 7 1
5 6 1
3 4 0
1 2 0
0 0 0
0 0 0
0 0 0
0 0 0
0 0 0
0 0 0
0 0 0
0 0 0
0 0 2
0 0 0
0 0 0
0 0 0
0 0 0
0 0 0
0 0 0
0 0 0
0 0 0
0 0 0
0 0 0
0 0 0
0 0 0
0 0 0
0 0 0
0 0 0
0 0 0
1 1 1
1 1 1
1 1 1
1 1 1
1 1 1
1 1 1
1 1 1
1 1 1
1 1 1
1 1 1
1 1 1
1 1 1
1 1 1
1 1 1
1 1 1
1 1 1
0 2 0
0 2 0
0 2 0
0 2 0
0 2 0
0 2 0
0 2 0
0 2 0
0 2 0
0 2 0
0 2 0
0 2 0
0 2 0
0 2 0
0 2 0
0 2 0
1 3 0
1 3 0
1 3 0
1 3 0
1 3 0
1 3 0
1 3 0
1 3 0
1 3 0
1 3 0
1 3 0
1 3 0
1 3 0
1 3 0
1 3 0
1 3 0
0 5 1
0 5 1
37 27 15
35 25 13
30 22 9
26 18 7
21 15 3
19 12 2
15 11 0
14 10 1
12 9 2
11 11 3
11 10 5
11 12 7
10 12 7
11 13 8
11 13 10
11 13 10
14 11 2
14 11 4
14 10 7
12 10 11
12 10 11
12 10 11
13 12 8
12 14 1
9 12 0
20 26 0
14 21 0
21 27 0
55 61 35
55 63 42
21 27 13
0 6 0
11 12 7
11 12 7
11 12 7
10 11 6
10 11 6
9 10 5
9 10 5
9 10 5
7 8 3
7 8 3
7 8 3
7 8 3
6 7 2
6 7 2
6 7 2
6 7 2
6 7 1
6 7 1
6 7 1
6 7 1
5 6 1
3 4 0
1 2 0
0 0 0
0 0 0
0 0 0
0 0 0
0 0 0
0 0 0
0 0 0
0 0 0
0 0 2
0 0 0
0 0 0
0 0 0
0 0 0
0 0 0
0 0 0
0 0 0
0 0 0
0 0 0
0 0 0
0 0 0
0 0 0
0 0 0
0 0 0
0 0 0
0 0 0
1 1 1
1 1 1
1 1 1
1 1 1
1 1 1
1 1 1
1 1 1
1 1 1
1 1 1
1 1 1
1 1 1
1 1 1
1 1 1
1 1 1
1 1 1
1 1 1
0 2 0
0 2 0
0 2 0
0 2 0
0 2 0
0 2 0
0 2 0
0 2 0
0 2 0
0 2 0
0 2 0
0 2 0
0 2 0
0 2 0
0 2 0
0 2 0
1 3 0
1 3 0
1 3 0
1 3 0
1 3 0
1 3 0
1 3 0
1 3 0
1 3 0
1 3 0
1 3 0
1 3 0
1 3 0
1 3 0
1 3 0
1 3 0
0 5 1
0 5 1
44 34 22
43 33 21
39 31 18
34 26 13
29 21 10
24 18 6
18 14 3
16 12 3
14 11 2
11 11 3
11 10 5
10 11 5
10 11 6
10 12 7
10 12 9
11 13 10
14 11 2
14 11 4
14 10 7
13 12 10
13 11 12
13 12 10
13 12 7
13 15 2
11 14 0
15 21 0
27 34 3
51 57 29
55 60 37
17 24 6
0 3 0
14 20 10
11 12 7
11 12 7
11 12 7
10 11 6
10 11 6
10 11 6
10 11 6
10 11 6
7 8 3
7 8 3
7 8 3
7 8 3
6 7 2
6 7 2
6 7 2
6 7 2
6 7 1
6 7 1
6 7 1
6 7 1
5 6 1
3 4 0
2 3 0
1 1 0
0 0 0
0 0 0
0 0 0
0 0 0
0 0 0
0 0 0
0 0 0
0 0 2
0 0 0
0 0 0
0 0 0
0 0 0
0 0 0
0 0 0
0 0 0
0 0 0
0 0 0
0 0 0
0 0 0
0 0 0
0 0 0
0 0 0
0 0 0
0 0 0
1 1 1
1 1 1
1 1 1
1 1 1
1 1 1
1 1 1
1 1 1
1 1 1
1 1 1
1 1 1
1 1 1
1 1 1
1 1 1
1 1 1
1 1 1
1 1 1
0 2 0
0 2 0
0 2 0
0 2 0
0 2 0
0 2 0
0 2 0
0 2 0
1 3 0
1 3 0
1 3 0
1 3 0
1 3 0
1 3 0
1 3 0
1 3 0
1 3 0
1 3 0
1 3 0
1 3 0
1 3 0
1 3 0
1 3 0
1 3 0
1 3 0
1 3 0
1 3 0
1 3 0
1 3 0
1 3 0
1 3 0
1 3 0
0 5 1
0 5 1
50 41 26
49 40 25
47 37 25
43 35 22
38 30 19
31 25 13
27 20 10
22 18 9
17 14 5
16 13 6
12 11 6
10 11 5
9 10 5
10 11 6
9 11 6
10 12 7
14 11 2
14 11 4
15 11 8
13 12 10
14 12 13
14 13 11
15 14 9
14 16 2
18 21 0
17 23 0
45 52 21
62 68 40
30 35 12
0 4 0
0 5 0
14 19 12
9 10 5
10 11 6
10 11 6
10 11 6
10 11 6
10 11 6
10 11 6
10 11 6
8 9 4
8 9 4
7 8 3
7 8 3
6 7 2
6 7 2
5 6 1
5 6 1
5 6 0
5 6 0
6 7 1
6 7 1
5 6 1
4 5 0
2 3 0
2 2 0
0 0 0
0 0 0
0 0 0
0 0 0
0 0 0
0 0 0
0 0 0
0 0 2
0 0 0
0 0 0
0 0 0
0 0 0
0 0 0
0 0 0
0 0 0
0 0 0
0 0 0
0 0 0
0 0 0
0 0 0
0 0 0
0 0 0
0 0 0
0 0 0
1 1 1
1 1 1
1 1 1
1 1 1
1 1 1
1 1 1
1 1 1
1 1 1
1 1 1
1 1 1
1 1 1
1 1 1
1 1 1
1 1 1
1 1 1
1 1 1
0 2 0
0 2 0
0 2 0
0 2 0
0 2 0
0 2 0
0 2 0
0 2 0
1 3 0
1 3 0
1 3 0
1 3 0
1 3 0
1 3 0
1 3 0
1 3 0
1 3 0
1 3 0
1 3 0
1 3 0
1 3 0
1 3 0
1 3 0
1 3 0
1 3 0
1 3 0
1 3 0
1 3 0
1 3 0
1 3 0
1 3 0
1 3 0
0 5 1
0 5 1
50 41 26
51 42 27
51 42 27
49 39 27
44 36 23
39 31 20
33 26 16
28 24 13
23 19 10
20 17 10
15 15 7
12 11 6
9 10 4
9 10 5
9 10 5
9 11 6
14 11 2
14 11 4
15 11 8
13 12 10
14 13 11
15 14 10
16 16 8
15 17 3
24 28 5
37 43 15
53 60 29
37 43 15
4 9 0
6 13 0
15 21 11
0 2 0
8 9 4
8 9 4
8 9 4
8 9 4
9 10 5
9 10 5
9 10 5
10 11 6
8 9 4
8 9 4
8 9 4
7 8 3
6 7 2
5 6 1
5 6 1
5 6 1
4 5 0
5 6 0
5 6 0
5 6 0
5 6 1
4 5 0
3 4 0
2 2 0
0 0 0
0 0 0
0 0 0
0 0 0
0 0 0
0 0 0
0 0 0
0 0 2
0 0 0
0 0 0
0 0 0
0 0 0
0 0 0
0 0 0
0 0 0
0 0 0
0 0 0
0 0 0
0 0 0
0 0 0
0 0 0
0 0 0
0 0 0
0 0 0
1 1 1
1 1 1
1 1 1
1 1 1
1 1 1
1 1 1
1 1 1
1 1 1
1 1 1
1 1 1
1 1 1
1 1 1
1 1 1
1 1 1
1 1 1
1 1 1
0 2 0
0 2 0
0 2 0
0 2 0
0 2 0
0 2 0
0 2 0
0 2 0
2 4 1
2 4 1
2 4 1
2 4 1
2 4 1
2 4 1
2 4 1
2 4 1
1 3 0
1 3 0
1 3 0
1 3 0
1 3 0
1 3 0
1 3 0
1 3 0
1 3 0
1 3 0
1 3 0
1 3 0
1 3 0
1 3 0
1 3 0
1 3 0
0 5 1
0 5 1
49 37 23
51 39 25
51 42 27
51 41 29
48 40 27
43 35 24
38 32 20
34 27 17
27 23 14
24 21 12
20 17 10
14 14 6
11 10 5
9 10 4
9 10 5
9 10 5
14 11 2
14 11 4
15 11 8
14 13 11
15 14 12
16 15 11
16 16 6
16 19 2
28 32 9
60 66 38
50 57 26
8 14 0
0 5 0
14 20 6
11 16 9
0 2 0
6 7 2
6 7 2
6 7 2
7 8 3
7 8 3
8 9 4
8 9 4
9 10 5
9 10 5
9 10 5
8 9 4
7 8 3
6 7 2
5 6 1
4 5 0
4 5 0
4 5 0
4 5 0
5 6 0
5 6 0
5 6 1
4 5 0
3 4 0
3 3 1
0 0 0
0 0 0
0 0 0
0 0 0
0 0 0
0 0 0
0 0 0
0 0 2
0 0 0
0 0 0
0 0 0
0 0 0
0 0 0
0 0 0
0 0 0
0 0 0
0 0 0
0 0 0
0 0 0
0 0 0
0 0 0
0 0 0
0 0 0
0 0 0
1 1 1
1 1 1
1 1 1
1 1 1
1 1 1
1 1 1
1 1 1
1 1 1
1 1 1
1 1 1
1 1 1
1 1 1
1 1 1
1 1 1
1 1 1
1 1 1
0 2 0
0 2 0
0 2 0
0 2 0
0 2 0
0 2 0
0 2 0
0 2 0
2 4 1
2 4 1
2 4 1
2 4 1
2 4 1
2 4 1
2 4 1
2 4 1
1 3 0
1 3 0
1 3 0
1 3 0
1 3 0
1 3 0
1 3 0
1 3 0
1 3 0
1 3 0
1 3 0
1 3 0
1 3 0
1 3 0
1 3 0
1 3 0
0 5 1
0 5 1
